Algorithm: Greedy Vertex Coloring
Vertex colors:
0 0
1 0
2 0
3 0
4 0
5 0
6 0
7 0
8 0
9 0
10 0
11 0
12 0
13 0
14 0
15 0
16 0
17 0
18 0
19 0
20 0
21 0
22 0
23 0
24 0
25 0
26 0
27 0
28 0
29 0
30 0
31 0
32 0
33 0
34 0
35 0
36 0
37 0
38 0
39 0
40 0
41 0
42 0
43 0
44 0
45 0
46 0
47 0
48 0
49 0
50 0
51 0
52 0
53 0
54 0
55 0
56 0
57 0
58 0
59 0
60 0
61 0
62 0
63 0
64 0
65 0
66 0
67 0
68 0
69 0
70 0
71 0
72 0
73 0
74 0
75 0
76 0
77 0
78 0
79 0
80 0
81 0
82 0
83 0
84 0
85 0
86 0
87 0
88 0
89 0
90 0
91 0
92 0
93 0
94 0
95 0
96 0
97 0
98 0
99 0
100 0
101 0
102 0
103 0
104 0
105 0
106 1
107 0
108 0
109 0
110 0
111 0
112 0
113 0
114 0
115 0
116 0
117 0
118 0
119 0
120 0
121 0
122 0
123 0
124 0
125 0
126 0
127 0
128 0
129 0
130 0
131 0
132 0
133 0
134 0
135 0
136 0
137 0
138 0
139 0
140 0
141 1
142 0
143 0
144 0
145 0
146 0
147 0
148 0
149 0
150 0
151 0
152 0
153 0
154 0
155 0
156 0
157 0
158 0
159 1
160 0
161 0
162 0
163 0
164 0
165 0
166 1
167 0
168 0
169 0
170 0
171 0
172 0
173 0
174 0
175 0
176 0
177 0
178 0
179 0
180 0
181 0
182 1
183 0
184 0
185 0
186 0
187 0
188 0
189 0
190 0
191 0
192 0
193 0
194 0
195 0
196 0
197 0
198 0
199 0
200 0
201 0
202 0
203 0
204 0
205 0
206 0
207 0
208 0
209 1
210 0
211 0
212 1
213 0
214 0
215 0
216 0
217 0
218 0
219 0
220 0
221 0
222 0
223 0
224 0
225 0
226 0
227 0
228 0
229 0
230 1
231 0
232 0
233 1
234 0
235 0
236 0
237 0
238 1
239 0
240 0
241 0
242 0
243 1
244 0
245 0
246 0
247 0
248 0
249 0
250 0
251 0
252 0
253 0
254 1
255 0
256 0
257 0
258 0
259 0
260 0
261 1
262 0
263 1
264 0
265 0
266 0
267 0
268 0
269 0
270 0
271 0
272 0
273 0
274 0
275 0
276 0
277 0
278 0
279 0
280 1
281 1
282 1
283 0
284 1
285 0
286 0
287 1
288 0
289 0
290 0
291 0
292 0
293 0
294 0
295 1
296 0
297 0
298 0
299 0
300 0
301 0
302 0
303 0
304 1
305 0
306 0
307 0
308 0
309 0
310 0
311 0
312 0
313 0
314 0
315 0
316 0
317 0
318 1
319 0
320 0
321 1
322 0
323 0
324 0
325 0
326 0
327 0
328 0
329 0
330 0
331 0
332 0
333 0
334 0
335 1
336 0
337 0
338 0
339 0
340 0
341 0
342 0
343 0
344 0
345 0
346 0
347 1
348 0
349 0
350 0
351 0
352 1
353 0
354 0
355 0
356 0
357 1
358 0
359 0
360 0
361 0
362 0
363 0
364 0
365 1
366 0
367 0
368 1
369 0
370 0
371 1
372 0
373 0
374 1
375 0
376 0
377 1
378 1
379 0
380 0
381 1
382 0
383 0
384 0
385 0
386 1
387 0
388 0
389 0
390 0
391 0
392 0
393 0
394 0
395 0
396 0
397 1
398 1
399 0
400 0
401 0
402 0
403 1
404 0
405 0
406 0
407 1
408 0
409 1
410 0
411 0
412 0
413 0
414 1
415 0
416 0
417 0
418 0
419 0
420 0
421 0
422 0
423 0
424 0
425 0
426 1
427 1
428 0
429 0
430 1
431 0
432 0
433 0
434 0
435 0
436 0
437 1
438 0
439 0
440 0
441 0
442 0
443 0
444 0
445 0
446 0
447 0
448 1
449 0
450 0
451 0
452 0
453 1
454 1
455 0
456 0
457 1
458 0
459 0
460 0
461 0
462 0
463 1
464 1
465 0
466 0
467 0
468 0
469 0
470 0
471 1
472 0
473 0
474 0
475 1
476 0
477 0
478 0
479 1
480 0
481 0
482 1
483 1
484 0
485 0
486 1
487 0
488 0
489 0
490 1
491 1
492 1
493 1
494 1
495 0
496 0
497 1
498 1
499 1
500 0
501 0
502 0
503 0
504 0
505 0
506 0
507 1
508 0
509 0
510 1
511 0
512 0
513 0
514 0
515 1
516 0
517 0
518 0
519 0
520 0
521 1
522 0
523 0
524 0
525 1
526 1
527 0
528 0
529 1
530 2
531 1
532 0
533 0
534 2
535 0
536 0
537 0
538 1
539 0
540 0
541 1
542 0
543 0
544 0
545 0
546 0
547 1
548 0
549 0
550 1
551 0
552 2
553 1
554 0
555 0
556 1
557 0
558 0
559 0
560 0
561 1
562 0
563 0
564 1
565 1
566 2
567 0
568 1
569 0
570 1
571 2
572 1
573 0
574 0
575 1
576 0
577 1
578 2
579 1
580 0
581 0
582 1
583 0
584 0
585 0
586 1
587 1
588 0
589 0
590 1
591 0
592 0
593 0
594 0
595 1
596 0
597 2
598 0
599 1
600 1
601 0
602 0
603 0
604 0
605 1
606 0
607 0
608 0
609 0
610 0
611 0
612 1
613 1
614 0
615 0
616 1
617 1
618 1
619 1
620 1
621 0
622 2
623 0
624 2
625 0
626 0
627 2
628 0
629 2
630 0
631 1
632 0
633 0
634 2
635 1
636 0
637 0
638 0
639 1
640 1
641 1
642 2
643 0
644 1
645 1
646 1
647 0
648 0
649 1
650 1
651 1
652 1
653 2
654 1
655 0
656 0
657 0
658 1
659 1
660 0
661 0
662 2
663 0
664 2
665 1
666 2
667 1
668 0
669 0
670 0
671 0
672 0
673 1
674 1
675 0
676 0
677 1
678 2
679 0
680 1
681 0
682 0
683 1
684 0
685 2
686 2
687 0
688 0
689 0
690 0
691 0
692 1
693 0
694 1
695 2
696 2
697 1
698 1
699 0
700 0
701 1
702 0
703 1
704 1
705 1
706 1
707 1
708 0
709 2
710 0
711 1
712 2
713 1
714 0
715 1
716 1
717 1
718 1
719 0
720 0
721 1
722 1
723 0
724 0
725 1
726 2
727 0
728 0
729 2
730 0
731 0
732 2
733 0
734 1
735 0
736 1
737 1
738 2
739 2
740 1
741 0
742 2
743 1
744 1
745 0
746 1
747 2
748 1
749 3
750 1
751 0
752 2
753 1
754 1
755 2
756 2
757 1
758 0
759 1
760 1
761 0
762 1
763 1
764 1
765 1
766 2
767 1
768 0
769 2
770 0
771 2
772 1
773 2
774 1
775 0
776 0
777 1
778 0
779 0
780 1
781 0
782 1
783 0
784 0
785 1
786 1
787 0
788 1
789 2
790 0
791 0
792 2
793 1
794 1
795 0
796 1
797 0
798 3
799 0
800 2
801 0
802 0
803 0
804 0
805 1
806 0
807 0
808 2
809 0
810 2
811 2
812 0
813 2
814 2
815 1
816 0
817 1
818 0
819 0
820 2
821 0
822 1
823 0
824 0
825 2
826 2
827 0
828 2
829 0
830 1
831 0
832 1
833 1
834 1
835 0
836 1
837 1
838 1
839 1
840 0
841 0
842 0
843 0
844 1
845 2
846 2
847 2
848 1
849 1
850 0
851 0
852 2
853 1
854 0
855 0
856 2
857 0
858 1
859 1
860 2
861 0
862 0
863 0
864 0
865 1
866 0
867 0
868 3
869 0
870 0
871 2
872 1
873 0
874 1
875 2
876 1
877 0
878 0
879 0
880 0
881 0
882 0
883 2
884 0
885 0
886 0
887 2
888 0
889 0
890 1
891 1
892 1
893 2
894 1
895 1
896 0
897 0
898 0
899 0
900 0
901 2
902 1
903 0
904 1
905 1
906 3
907 0
908 0
909 0
910 2
911 1
912 1
913 0
914 1
915 0
916 1
917 0
918 0
919 1
920 1
921 0
922 2
923 0
924 1
925 0
926 1
927 0
928 0
929 0
930 1
931 0
932 0
933 2
934 0
935 0
936 2
937 0
938 1
939 1
940 0
941 1
942 2
943 2
944 0
945 0
946 0
947 1
948 1
949 0
950 1
951 1
952 1
953 2
954 0
955 1
956 1
957 0
958 2
959 1
960 1
961 0
962 0
963 1
964 0
965 1
966 0
967 1
968 2
969 0
970 1
971 0
972 2
973 0
974 1
975 1
976 0
977 1
978 0
979 1
980 2
981 0
982 0
983 0
984 0
985 0
986 1
987 1
988 1
989 0
990 1
991 0
992 1
993 1
994 1
995 1
996 0
997 2
998 2
999 2
1000 2
1001 3
1002 0
1003 2
1004 1
1005 2
1006 1
1007 0
1008 1
1009 3
1010 2
1011 0
1012 2
1013 0
1014 3
1015 1
1016 0
1017 1
1018 1
1019 2
1020 2
1021 3
1022 0
1023 2
1024 0
1025 0
1026 2
1027 0
1028 0
1029 2
1030 1
1031 3
1032 2
1033 2
1034 0
1035 0
1036 1
1037 2
1038 1
1039 0
1040 1
1041 3
1042 1
1043 0
1044 3
1045 2
1046 2
1047 0
1048 0
1049 1
1050 2
1051 0
1052 0
1053 0
1054 2
1055 3
1056 2
1057 3
1058 1
1059 3
1060 0
1061 0
1062 0
1063 0
1064 1
1065 0
1066 2
1067 1
1068 0
1069 0
1070 1
1071 0
1072 3
1073 2
1074 2
1075 0
1076 1
1077 3
1078 1
1079 1
1080 0
1081 2
1082 3
1083 2
1084 1
1085 2
1086 4
1087 2
1088 2
1089 1
1090 1
1091 3
1092 0
1093 1
1094 2
1095 0
1096 0
1097 0
1098 0
1099 2
1100 1
1101 1
1102 2
1103 0
1104 1
1105 0
1106 3
1107 1
1108 0
1109 1
1110 3
1111 1
1112 2
1113 4
1114 1
1115 2
1116 3
1117 0
1118 1
1119 1
1120 1
1121 1
1122 0
1123 0
1124 0
1125 2
1126 0
1127 2
1128 1
1129 0
1130 3
1131 0
1132 1
1133 1
1134 1
1135 1
1136 1
1137 3
1138 0
1139 1
1140 0
1141 0
1142 2
1143 1
1144 2
1145 1
1146 2
1147 0
1148 2
1149 1
1150 0
1151 2
1152 0
1153 1
1154 0
1155 2
1156 0
1157 2
1158 2
1159 1
1160 2
1161 1
1162 0
1163 3
1164 0
1165 3
1166 2
1167 0
1168 2
1169 0
1170 1
1171 0
1172 3
1173 0
1174 1
1175 0
1176 2
1177 2
1178 0
1179 0
1180 2
1181 1
1182 2
1183 1
1184 1
1185 1
1186 1
1187 0
1188 2
1189 1
1190 2
1191 2
1192 0
1193 1
1194 1
1195 0
1196 2
1197 2
1198 0
1199 1
1200 2
1201 2
1202 1
1203 0
1204 0
1205 2
1206 0
1207 1
1208 2
1209 1
1210 0
1211 0
1212 1
1213 2
1214 3
1215 1
1216 0
1217 1
1218 0
1219 0
1220 0
1221 1
1222 0
1223 0
1224 2
1225 1
1226 0
1227 0
1228 1
1229 0
1230 1
1231 0
1232 1
1233 2
1234 2
1235 1
1236 1
1237 2
1238 1
1239 2
1240 2
1241 1
1242 0
1243 2
1244 2
1245 1
1246 1
1247 2
1248 2
1249 2
1250 1
1251 0
1252 2
1253 1
1254 2
1255 2
1256 2
1257 2
1258 0
1259 1
1260 2
1261 0
1262 0
1263 1
1264 0
1265 1
1266 3
1267 1
1268 2
1269 0
1270 3
1271 1
1272 2
1273 0
1274 2
1275 0
1276 2
1277 1
1278 2
1279 0
1280 2
1281 1
1282 0
1283 2
1284 2
1285 1
1286 1
1287 1
1288 2
1289 0
1290 1
1291 0
1292 0
1293 1
1294 2
1295 0
1296 2
1297 2
1298 2
1299 3
1300 3
1301 3
1302 2
1303 1
1304 0
1305 1
1306 1
1307 2
1308 0
1309 0
1310 0
1311 0
1312 1
1313 1
1314 3
1315 1
1316 0
1317 2
1318 3
1319 3
1320 2
1321 2
1322 1
1323 1
1324 2
1325 0
1326 0
1327 2
1328 1
1329 0
1330 0
1331 1
1332 2
1333 2
1334 2
1335 2
1336 1
1337 2
1338 3
1339 2
1340 2
1341 0
1342 0
1343 2
1344 2
1345 3
1346 2
1347 0
1348 2
1349 1
1350 2
1351 0
1352 2
1353 1
1354 0
1355 1
1356 3
1357 2
1358 2
1359 0
1360 1
1361 2
1362 1
1363 1
1364 3
1365 0
1366 1
1367 0
1368 4
1369 2
1370 2
1371 1
1372 3
1373 0
1374 2
1375 3
1376 1
1377 1
1378 1
1379 1
1380 3
1381 2
1382 2
1383 0
1384 1
1385 0
1386 0
1387 1
1388 3
1389 0
1390 3
1391 0
1392 0
1393 0
1394 0
1395 1
1396 1
1397 0
1398 1
1399 0
1400 0
1401 0
1402 0
1403 0
1404 0
1405 1
1406 0
1407 0
1408 1
1409 1
1410 1
1411 0
1412 3
1413 2
1414 1
1415 0
1416 2
1417 3
1418 1
1419 1
1420 3
1421 1
1422 3
1423 1
1424 1
1425 1
1426 0
1427 2
1428 0
1429 0
1430 0
1431 0
1432 1
1433 1
1434 0
1435 1
1436 2
1437 0
1438 2
1439 2
1440 1
1441 0
1442 2
1443 2
1444 3
1445 1
1446 0
1447 1
1448 1
1449 3
1450 0
1451 0
1452 1
1453 0
1454 2
1455 2
1456 0
1457 2
1458 3
1459 1
1460 1
1461 2
1462 1
1463 1
1464 1
1465 1
1466 3
1467 2
1468 2
1469 2
1470 1
1471 4
1472 1
1473 2
1474 0
1475 2
1476 2
1477 4
1478 2
1479 1
1480 3
1481 0
1482 0
1483 1
1484 3
1485 0
1486 0
1487 1
1488 0
1489 0
1490 1
1491 1
1492 2
1493 0
1494 0
1495 1
1496 2
1497 3
1498 0
1499 3
1500 3
1501 0
1502 3
1503 0
1504 2
1505 0
1506 2
1507 2
1508 2
1509 0
1510 0
1511 3
1512 3
1513 1
1514 2
1515 1
1516 2
1517 2
1518 2
1519 1
1520 3
1521 1
1522 1
1523 3
1524 2
1525 0
1526 1
1527 0
1528 0
1529 1
1530 1
1531 2
1532 0
1533 3
1534 2
1535 0
1536 3
1537 2
1538 2
1539 0
1540 2
1541 2
1542 1
1543 3
1544 0
1545 3
1546 2
1547 1
1548 0
1549 0
1550 2
1551 0
1552 2
1553 1
1554 0
1555 0
1556 2
1557 1
1558 1
1559 3
1560 3
1561 1
1562 2
1563 3
1564 1
1565 0
1566 1
1567 2
1568 0
1569 0
1570 0
1571 0
1572 0
1573 2
1574 1
1575 3
1576 1
1577 1
1578 3
1579 1
1580 1
1581 1
1582 0
1583 2
1584 2
1585 4
1586 2
1587 1
1588 1
1589 2
1590 1
1591 0
1592 3
1593 2
1594 1
1595 2
1596 1
1597 4
1598 4
1599 1
1600 2
1601 1
1602 0
1603 4
1604 2
1605 1
1606 2
1607 4
1608 3
1609 3
1610 0
1611 2
1612 2
1613 3
1614 2
1615 3
1616 1
1617 2
1618 2
1619 4
1620 0
1621 3
1622 3
1623 2
1624 1
1625 2
1626 2
1627 1
1628 0
1629 4
1630 4
1631 2
1632 2
1633 1
1634 2
1635 1
1636 3
1637 1
1638 1
1639 3
1640 1
1641 1
1642 1
1643 1
1644 2
1645 2
1646 2
1647 1
1648 1
1649 2
1650 2
1651 1
1652 3
1653 1
1654 0
1655 3
1656 3
1657 4
1658 3
1659 0
1660 2
1661 4
1662 0
1663 2
1664 1
1665 0
1666 1
1667 1
1668 0
1669 2
1670 3
1671 1
1672 2
1673 1
1674 3
1675 3
1676 3
1677 0
1678 3
1679 0
1680 2
1681 0
1682 1
1683 2
1684 1
1685 2
1686 1
1687 2
1688 2
1689 4
1690 2
1691 3
1692 1
1693 1
1694 2
1695 3
1696 3
1697 3
1698 1
1699 2
1700 2
1701 1
1702 0
1703 3
1704 0
1705 1
1706 3
1707 3
1708 1
1709 0
1710 1
1711 2
1712 0
1713 1
1714 0
1715 3
1716 3
1717 2
1718 0
1719 1
1720 1
1721 1
1722 3
1723 2
1724 1
1725 3
1726 0
1727 1
1728 3
1729 0
1730 3
1731 3
1732 2
1733 2
1734 1
1735 2
1736 3
1737 0
1738 1
1739 4
1740 0
1741 4
1742 0
1743 0
1744 2
1745 1
1746 3
1747 3
1748 4
1749 5
1750 3
1751 0
1752 1
1753 0
1754 3
1755 0
1756 2
1757 3
1758 0
1759 4
1760 2
1761 1
1762 4
1763 4
1764 0
1765 1
1766 0
1767 0
1768 2
1769 1
1770 1
1771 3
1772 1
1773 4
1774 0
1775 3
1776 0
1777 3
1778 4
1779 1
1780 0
1781 4
1782 0
1783 2
1784 1
1785 2
1786 3
1787 3
1788 2
1789 3
1790 1
1791 0
1792 2
1793 0
1794 0
1795 3
1796 1
1797 3
1798 5
1799 2
1800 0
1801 2
1802 2
1803 1
1804 0
1805 3
1806 4
1807 4
1808 4
1809 3
1810 3
1811 1
1812 0
1813 0
1814 1
1815 2
1816 3
1817 3
1818 1
1819 1
1820 1
1821 0
1822 2
1823 3
1824 2
1825 2
1826 2
1827 2
1828 2
1829 3
1830 0
1831 1
1832 0
1833 1
1834 3
1835 1
1836 3
1837 3
1838 2
1839 3
1840 4
1841 2
1842 2
1843 3
1844 0
1845 2
1846 1
1847 2
1848 4
1849 3
1850 1
1851 4
1852 2
1853 0
1854 3
1855 2
1856 2
1857 3
1858 1
1859 0
1860 2
1861 3
1862 2
1863 1
1864 1
1865 1
1866 2
1867 1
1868 1
1869 4
1870 1
1871 0
1872 2
1873 4
1874 3
1875 0
1876 0
1877 1
1878 1
1879 1
1880 3
1881 0
1882 1
1883 0
1884 1
1885 1
1886 1
1887 0
1888 1
1889 4
1890 0
1891 1
1892 3
1893 3
1894 3
1895 2
1896 3
1897 2
1898 3
1899 3
1900 3
1901 3
1902 0
1903 2
1904 0
1905 2
1906 2
1907 3
1908 2
1909 3
1910 2
1911 3
1912 3
1913 0
1914 0
1915 3
1916 2
1917 0
1918 1
1919 4
1920 4
1921 4
1922 3
1923 2
1924 2
1925 0
1926 3
1927 3
1928 4
1929 4
1930 3
1931 2
1932 1
1933 3
1934 3
1935 0
1936 2
1937 4
1938 0
1939 4
1940 3
1941 3
1942 0
1943 4
1944 3
1945 2
1946 3
1947 3
1948 1
1949 4
1950 0
1951 2
1952 2
1953 0
1954 3
1955 4
1956 0
1957 0
1958 1
1959 2
1960 3
1961 2
1962 5
1963 1
1964 2
1965 0
1966 3
1967 1
1968 0
1969 1
1970 3
1971 4
1972 1
1973 3
1974 0
1975 4
1976 0
1977 2
1978 0
1979 3
1980 4
1981 1
1982 1
1983 1
1984 0
1985 1
1986 0
1987 0
1988 0
1989 1
1990 1
1991 0
1992 2
1993 2
1994 4
1995 0
1996 1
1997 1
1998 1
1999 0
2000 3
2001 3
2002 0
2003 3
2004 4
2005 0
2006 2
2007 5
2008 1
2009 3
2010 0
2011 2
2012 4
2013 2
2014 3
2015 0
2016 3
2017 2
2018 1
2019 3
2020 1
2021 0
2022 2
2023 3
2024 2
2025 2
2026 2
2027 2
2028 3
2029 2
2030 4
2031 1
2032 3
2033 3
2034 4
2035 0
2036 2
2037 3
2038 2
2039 2
2040 2
2041 4
2042 1
2043 1
2044 4
2045 1
2046 3
2047 1
2048 0
2049 1
2050 0
2051 1
2052 2
2053 3
2054 1
2055 3
2056 1
2057 0
2058 0
2059 4
2060 3
2061 4
2062 3
2063 3
2064 3
2065 3
2066 2
2067 2
2068 3
2069 2
2070 1
2071 2
2072 5
2073 0
2074 3
2075 1
2076 4
2077 1
2078 3
2079 5
2080 2
2081 0
2082 2
2083 1
2084 2
2085 1
2086 3
2087 0
2088 0
2089 3
2090 2
2091 2
2092 4
2093 3
2094 1
2095 1
2096 3
2097 2
2098 2
2099 1
2100 3
2101 3
2102 0
2103 1
2104 2
2105 0
2106 1
2107 1
2108 1
2109 3
2110 4
2111 2
2112 0
2113 3
2114 4
2115 2
2116 1
2117 3
2118 2
2119 0
2120 3
2121 2
2122 3
2123 2
2124 1
2125 1
2126 0
2127 4
2128 2
2129 1
2130 3
2131 4
2132 1
2133 5
2134 3
2135 5
2136 4
2137 3
2138 1
2139 4
2140 0
2141 4
2142 0
2143 1
2144 3
2145 2
2146 3
2147 3
2148 0
2149 1
2150 0
2151 2
2152 4
2153 2
2154 1
2155 1
2156 3
2157 4
2158 0
2159 2
2160 3
2161 0
2162 2
2163 1
2164 1
2165 0
2166 3
2167 1
2168 2
2169 1
2170 1
2171 1
2172 0
2173 4
2174 0
2175 2
2176 4
2177 3
2178 2
2179 2
2180 4
2181 2
2182 0
2183 1
2184 0
2185 0
2186 1
2187 5
2188 1
2189 0
2190 1
2191 2
2192 4
2193 2
2194 1
2195 2
2196 0
2197 1
2198 1
2199 2
2200 1
2201 4
2202 1
2203 1
2204 1
2205 0
2206 1
2207 1
2208 4
2209 1
2210 2
2211 4
2212 2
2213 4
2214 2
2215 1
2216 3
2217 2
2218 1
2219 0
2220 5
2221 0
2222 2
2223 3
2224 2
2225 4
2226 4
2227 0
2228 3
2229 3
2230 2
2231 0
2232 4
2233 4
2234 4
2235 3
2236 4
2237 4
2238 3
2239 4
2240 2
2241 2
2242 3
2243 3
2244 4
2245 3
2246 4
2247 1
2248 3
2249 2
2250 2
2251 0
2252 1
2253 4
2254 3
2255 2
2256 2
2257 0
2258 3
2259 3
2260 2
2261 2
2262 2
2263 3
2264 3
2265 4
2266 1
2267 0
2268 1
2269 3
2270 1
2271 3
2272 4
2273 5
2274 0
2275 2
2276 2
2277 4
2278 1
2279 4
2280 0
2281 3
2282 2
2283 2
2284 2
2285 0
2286 3
2287 0
2288 3
2289 1
2290 3
2291 2
2292 0
2293 4
2294 3
2295 2
2296 4
2297 3
2298 2
2299 0
2300 1
2301 4
2302 3
2303 1
2304 4
2305 2
2306 2
2307 2
2308 2
2309 3
2310 4
2311 0
2312 3
2313 2
2314 1
2315 4
2316 3
2317 4
2318 0
2319 1
2320 3
2321 0
2322 4
2323 5
2324 2
2325 2
2326 4
2327 1
2328 5
2329 1
2330 1
2331 2
2332 0
2333 3
2334 3
2335 2
2336 0
2337 3
2338 2
2339 4
2340 2
2341 1
2342 0
2343 3
2344 2
2345 3
2346 3
2347 2
2348 3
2349 4
2350 2
2351 3
2352 0
2353 0
2354 3
2355 3
2356 0
2357 3
2358 1
2359 4
2360 3
2361 2
2362 3
2363 1
2364 4
2365 3
2366 1
2367 3
2368 3
2369 2
2370 4
2371 0
2372 2
2373 3
2374 3
2375 4
2376 4
2377 3
2378 1
2379 0
2380 2
2381 0
2382 4
2383 3
2384 0
2385 5
2386 3
2387 1
2388 4
2389 1
2390 3
2391 3
2392 1
2393 1
2394 1
2395 2
2396 0
2397 0
2398 2
2399 0
2400 3
2401 2
2402 5
2403 2
2404 1
2405 3
2406 2
2407 1
2408 5
2409 0
2410 0
2411 0
2412 1
2413 1
2414 4
2415 3
2416 5
2417 3
2418 0
2419 2
2420 3
2421 2
2422 2
2423 4
2424 0
2425 4
2426 3
2427 3
2428 3
2429 3
2430 0
2431 4
2432 0
2433 2
2434 1
2435 6
2436 4
2437 1
2438 1
2439 0
2440 0
2441 2
2442 4
2443 2
2444 2
2445 0
2446 1
2447 4
2448 4
2449 1
2450 4
2451 3
2452 3
2453 3
2454 3
2455 4
2456 3
2457 2
2458 2
2459 4
2460 1
2461 2
2462 0
2463 3
2464 0
2465 3
2466 3
2467 1
2468 0
2469 3
2470 2
2471 0
2472 4
2473 4
2474 3
2475 0
2476 4
2477 3
2478 3
2479 3
2480 1
2481 2
2482 4
2483 2
2484 1
2485 3
2486 4
2487 4
2488 1
2489 2
2490 5
2491 2
2492 5
2493 1
2494 2
2495 0
2496 2
2497 1
2498 3
2499 0
2500 3
2501 0
2502 3
2503 5
2504 2
2505 3
2506 2
2507 1
2508 2
2509 1
2510 5
2511 4
2512 3
2513 5
2514 1
2515 5
2516 3
2517 4
2518 2
2519 3
2520 0
2521 4
2522 4
2523 3
2524 3
2525 1
2526 1
2527 4
2528 3
2529 2
2530 5
2531 4
2532 0
2533 2
2534 0
2535 3
2536 2
2537 4
2538 2
2539 3
2540 3
2541 0
2542 0
2543 2
2544 1
2545 3
2546 3
2547 3
2548 1
2549 3
2550 0
2551 0
2552 4
2553 4
2554 4
2555 1
2556 4
2557 3
2558 2
2559 0
2560 3
2561 2
2562 4
2563 1
2564 5
2565 5
2566 4
2567 5
2568 2
2569 2
2570 1
2571 4
2572 2
2573 0
2574 2
2575 3
2576 4
2577 4
2578 2
2579 1
2580 1
2581 1
2582 3
2583 0
2584 4
2585 1
2586 4
2587 4
2588 2
2589 2
2590 4
2591 2
2592 4
2593 4
2594 5
2595 3
2596 0
2597 2
2598 3
2599 3
2600 3
2601 4
2602 1
2603 2
2604 5
2605 4
2606 4
2607 3
2608 4
2609 1
2610 0
2611 0
2612 5
2613 4
2614 3
2615 5
2616 0
2617 6
2618 1
2619 0
2620 2
2621 2
2622 4
2623 1
2624 2
2625 2
2626 5
2627 2
2628 5
2629 4
2630 2
2631 0
2632 3
2633 3
2634 3
2635 2
2636 1
2637 0
2638 5
2639 1
2640 3
2641 3
2642 5
2643 2
2644 1
2645 2
2646 4
2647 3
2648 3
2649 1
2650 2
2651 0
2652 4
2653 0
2654 5
2655 3
2656 0
2657 4
2658 0
2659 0
2660 4
2661 5
2662 2
2663 1
2664 2
2665 4
2666 1
2667 0
2668 0
2669 0
2670 2
2671 4
2672 1
2673 3
2674 2
2675 3
2676 0
2677 2
2678 1
2679 5
2680 4
2681 1
2682 3
2683 4
2684 3
2685 0
2686 5
2687 3
2688 1
2689 2
2690 3
2691 5
2692 4
2693 3
2694 0
2695 1
2696 3
2697 4
2698 1
2699 1
2700 1
2701 2
2702 2
2703 0
2704 0
2705 3
2706 4
2707 3
2708 1
2709 1
2710 1
2711 2
2712 4
2713 0
2714 3
2715 4
2716 2
2717 2
2718 3
2719 0
2720 2
2721 3
2722 1
2723 4
2724 4
2725 3
2726 4
2727 4
2728 4
2729 3
2730 5
2731 4
2732 2
2733 4
2734 5
2735 2
2736 5
2737 0
2738 4
2739 2
2740 1
2741 3
2742 5
2743 3
2744 4
2745 1
2746 5
2747 3
2748 5
2749 5
2750 5
2751 2
2752 5
2753 2
2754 0
2755 4
2756 3
2757 0
2758 3
2759 5
2760 2
2761 2
2762 5
2763 4
2764 1
2765 4
2766 4
2767 4
2768 2
2769 6
2770 2
2771 2
2772 1
2773 0
2774 4
2775 3
2776 3
2777 2
2778 0
2779 0
2780 4
2781 0
2782 2
2783 3
2784 3
2785 1
2786 1
2787 2
2788 2
2789 5
2790 4
2791 0
2792 2
2793 4
2794 2
2795 4
2796 1
2797 2
2798 4
2799 0
2800 3
2801 4
2802 4
2803 4
2804 2
2805 1
2806 1
2807 5
2808 5
2809 6
2810 4
2811 3
2812 4
2813 2
2814 4
2815 2
2816 4
2817 1
2818 0
2819 2
2820 2
2821 0
2822 1
2823 6
2824 4
2825 1
2826 5
2827 0
2828 1
2829 2
2830 0
2831 2
2832 4
2833 1
2834 3
2835 5
2836 1
2837 2
2838 0
2839 1
2840 5
2841 5
2842 2
2843 3
2844 3
2845 3
2846 5
2847 2
2848 4
2849 5
2850 2
2851 2
2852 0
2853 1
2854 0
2855 3
2856 2
2857 3
2858 3
2859 1
2860 0
2861 5
2862 2
2863 3
2864 4
2865 1
2866 3
2867 0
2868 3
2869 5
2870 6
2871 2
2872 3
2873 5
2874 4
2875 0
2876 0
2877 2
2878 2
2879 5
2880 3
2881 3
2882 4
2883 0
2884 2
2885 2
2886 3
2887 2
2888 3
2889 5
2890 1
2891 5
2892 0
2893 5
2894 5
2895 2
2896 6
2897 4
2898 4
2899 4
2900 1
2901 4
2902 1
2903 3
2904 1
2905 4
2906 1
2907 4
2908 2
2909 4
2910 3
2911 0
2912 1
2913 2
2914 2
2915 1
2916 4
2917 5
2918 4
2919 2
2920 3
2921 2
2922 0
2923 4
2924 2
2925 3
2926 1
2927 3
2928 2
2929 5
2930 5
2931 0
2932 2
2933 6
2934 2
2935 3
2936 4
2937 0
2938 4
2939 2
2940 1
2941 3
2942 3
2943 5
2944 4
2945 2
2946 2
2947 4
2948 3
2949 3
2950 1
2951 1
2952 3
2953 2
2954 5
2955 3
2956 3
2957 1
2958 4
2959 3
2960 4
2961 2
2962 0
2963 5
2964 2
2965 3
2966 1
2967 2
2968 4
2969 5
2970 4
2971 3
2972 2
2973 3
2974 1
2975 2
2976 1
2977 5
2978 2
2979 5
2980 6
2981 3
2982 3
2983 4
2984 3
2985 5
2986 3
2987 2
2988 3
2989 3
2990 2
2991 4
2992 2
2993 1
2994 0
2995 2
2996 3
2997 4
2998 4
2999 5
3000 4
3001 3
3002 4
3003 6
3004 0
3005 4
3006 3
3007 4
3008 0
3009 3
3010 3
3011 0
3012 4
3013 3
3014 2
3015 5
3016 5
3017 3
3018 0
3019 4
3020 1
3021 2
3022 2
3023 3
3024 1
3025 2
3026 5
3027 4
3028 0
3029 2
3030 3
3031 0
3032 4
3033 5
3034 1
3035 4
3036 2
3037 4
3038 1
3039 4
3040 4
3041 3
3042 1
3043 0
3044 5
3045 2
3046 1
3047 1
3048 5
3049 4
3050 2
3051 0
3052 2
3053 2
3054 1
3055 0
3056 3
3057 2
3058 2
3059 0
3060 4
3061 1
3062 3
3063 2
3064 2
3065 2
3066 4
3067 4
3068 5
3069 2
3070 3
3071 0
3072 3
3073 6
3074 5
3075 6
3076 5
3077 4
3078 3
3079 4
3080 5
3081 2
3082 4
3083 3
3084 3
3085 4
3086 3
3087 4
3088 5
3089 4
3090 4
3091 2
3092 2
3093 4
3094 4
3095 0
3096 2
3097 1
3098 0
3099 5
3100 5
3101 3
3102 1
3103 3
3104 1
3105 4
3106 3
3107 2
3108 5
3109 5
3110 3
3111 1
3112 2
3113 1
3114 5
3115 2
3116 4
3117 0
3118 2
3119 2
3120 4
3121 2
3122 1
3123 4
3124 2
3125 5
3126 5
3127 1
3128 3
3129 5
3130 5
3131 1
3132 3
3133 6
3134 2
3135 0
3136 2
3137 4
3138 3
3139 1
3140 1
3141 0
3142 1
3143 4
3144 4
3145 1
3146 0
3147 1
3148 4
3149 4
3150 4
3151 2
3152 4
3153 4
3154 6
3155 0
3156 1
3157 2
3158 3
3159 5
3160 0
3161 5
3162 2
3163 4
3164 5
3165 3
3166 5
3167 1
3168 5
3169 3
3170 4
3171 5
3172 1
3173 3
3174 3
3175 4
3176 5
3177 0
3178 5
3179 6
3180 3
3181 0
3182 0
3183 4
3184 4
3185 3
3186 2
3187 5
3188 2
3189 1
3190 4
3191 5
3192 3
3193 1
3194 0
3195 0
3196 2
3197 3
3198 1
3199 5
3200 2
3201 1
3202 4
3203 3
3204 0
3205 0
3206 2
3207 4
3208 2
3209 4
3210 2
3211 5
3212 2
3213 3
3214 2
3215 6
3216 4
3217 4
3218 0
3219 4
3220 0
3221 2
3222 5
3223 3
3224 4
3225 4
3226 0
3227 3
3228 5
3229 4
3230 3
3231 3
3232 3
3233 3
3234 0
3235 1
3236 3
3237 6
3238 5
3239 5
3240 0
3241 5
3242 5
3243 4
3244 1
3245 5
3246 4
3247 3
3248 3
3249 5
3250 6
3251 5
3252 0
3253 0
3254 5
3255 6
3256 3
3257 4
3258 3
3259 4
3260 6
3261 3
3262 3
3263 6
3264 5
3265 5
3266 3
3267 6
3268 3
3269 2
3270 3
3271 1
3272 2
3273 5
3274 5
3275 5
3276 3
3277 0
3278 1
3279 2
3280 6
3281 4
3282 0
3283 5
3284 3
3285 3
3286 4
3287 3
3288 4
3289 4
3290 2
3291 0
3292 3
3293 4
3294 3
3295 1
3296 0
3297 0
3298 4
3299 5
3300 2
3301 0
3302 0
3303 4
3304 2
3305 2
3306 1
3307 4
3308 5
3309 3
3310 4
3311 4
3312 1
3313 4
3314 3
3315 2
3316 1
3317 0
3318 3
3319 6
3320 4
3321 4
3322 3
3323 4
3324 3
3325 4
3326 4
3327 4
3328 1
3329 3
3330 6
3331 5
3332 1
3333 2
3334 5
3335 0
3336 5
3337 4
3338 3
3339 2
3340 3
3341 2
3342 4
3343 5
3344 5
3345 1
3346 4
3347 4
3348 5
3349 5
3350 5
3351 1
3352 1
3353 6
3354 3
3355 4
3356 3
3357 3
3358 5
3359 2
3360 4
3361 3
3362 5
3363 6
3364 5
3365 5
3366 2
3367 1
3368 1
3369 4
3370 0
3371 6
3372 4
3373 3
3374 4
3375 3
3376 4
3377 6
3378 4
3379 1
3380 5
3381 5
3382 2
3383 3
3384 3
3385 2
3386 5
3387 5
3388 3
3389 0
3390 3
3391 5
3392 5
3393 1
3394 0
3395 3
3396 5
3397 4
3398 2
3399 3
3400 5
3401 1
3402 2
3403 4
3404 6
3405 6
3406 4
3407 5
3408 6
3409 5
3410 1
3411 0
3412 2
3413 0
3414 3
3415 5
3416 0
3417 0
3418 5
3419 5
3420 4
3421 3
3422 1
3423 4
3424 2
3425 5
3426 2
3427 5
3428 3
3429 3
3430 2
3431 3
3432 1
3433 3
3434 1
3435 4
3436 3
3437 4
3438 2
3439 2
3440 3
3441 4
3442 1
3443 5
3444 4
3445 5
3446 0
3447 5
3448 4
3449 5
3450 1
3451 1
3452 2
3453 2
3454 4
3455 1
3456 4
3457 4
3458 0
3459 0
3460 4
3461 4
3462 5
3463 5
3464 5
3465 1
3466 5
3467 3
3468 5
3469 0
3470 3
3471 4
3472 2
3473 2
3474 3
3475 4
3476 2
3477 6
3478 6
3479 1
3480 2
3481 6
3482 1
3483 2
3484 3
3485 0
3486 1
3487 5
3488 5
3489 4
3490 4
3491 2
3492 4
3493 4
3494 4
3495 3
3496 4
3497 4
3498 3
3499 1
3500 3
3501 4
3502 1
3503 5
3504 3
3505 1
3506 3
3507 4
3508 3
3509 6
3510 1
3511 3
3512 6
3513 4
3514 2
3515 2
3516 5
3517 6
3518 3
3519 1
3520 4
3521 1
3522 6
3523 3
3524 0
3525 4
3526 4
3527 4
3528 6
3529 5
3530 3
3531 6
3532 3
3533 5
3534 3
3535 3
3536 0
3537 3
3538 2
3539 0
3540 3
3541 2
3542 6
3543 2
3544 0
3545 6
3546 6
3547 3
3548 5
3549 6
3550 5
3551 2
3552 3
3553 3
3554 2
3555 3
3556 0
3557 4
3558 4
3559 4
3560 3
3561 4
3562 5
3563 3
3564 4
3565 1
3566 6
3567 4
3568 1
3569 2
3570 3
3571 6
3572 1
3573 3
3574 5
3575 4
3576 5
3577 3
3578 1
3579 6
3580 1
3581 2
3582 1
3583 0
3584 0
3585 6
3586 1
3587 6
3588 0
3589 1
3590 3
3591 4
3592 6
3593 3
3594 5
3595 4
3596 2
3597 4
3598 4
3599 0
3600 0
3601 4
3602 0
3603 3
3604 5
3605 2
3606 1
3607 2
3608 1
3609 4
3610 0
3611 6
3612 5
3613 3
3614 6
3615 4
3616 5
3617 4
3618 0
3619 2
3620 4
3621 3
3622 2
3623 3
3624 0
3625 5
3626 5
3627 0
3628 6
3629 0
3630 2
3631 3
3632 5
3633 2
3634 4
3635 4
3636 3
3637 4
3638 1
3639 6
3640 2
3641 3
3642 0
3643 5
3644 1
3645 5
3646 1
3647 4
3648 4
3649 4
3650 2
3651 6
3652 7
3653 4
3654 1
3655 3
3656 4
3657 5
3658 5
3659 5
3660 4
3661 4
3662 6
3663 5
3664 1
3665 1
3666 1
3667 2
3668 6
3669 0
3670 6
3671 2
3672 1
3673 1
3674 1
3675 5
3676 3
3677 3
3678 3
3679 2
3680 0
3681 1
3682 3
3683 4
3684 0
3685 3
3686 1
3687 5
3688 6
3689 5
3690 2
3691 4
3692 4
3693 5
3694 2
3695 6
3696 0
3697 5
3698 6
3699 2
3700 0
3701 3
3702 2
3703 4
3704 4
3705 5
3706 3
3707 1
3708 5
3709 0
3710 3
3711 6
3712 3
3713 4
3714 1
3715 4
3716 2
3717 4
3718 5
3719 6
3720 3
3721 4
3722 6
3723 1
3724 5
3725 1
3726 5
3727 5
3728 5
3729 3
3730 1
3731 2
3732 1
3733 3
3734 3
3735 5
3736 5
3737 4
3738 6
3739 6
3740 4
3741 3
3742 6
3743 5
3744 2
3745 4
3746 4
3747 2
3748 6
3749 6
3750 2
3751 6
3752 0
3753 5
3754 0
3755 5
3756 2
3757 6
3758 6
3759 5
3760 3
3761 1
3762 0
3763 4
3764 4
3765 2
3766 5
3767 3
3768 5
3769 5
3770 2
3771 1
3772 3
3773 2
3774 1
3775 7
3776 2
3777 0
3778 6
3779 3
3780 5
3781 5
3782 4
3783 4
3784 5
3785 4
3786 5
3787 0
3788 4
3789 0
3790 3
3791 5
3792 4
3793 0
3794 4
3795 1
3796 0
3797 6
3798 5
3799 4
3800 4
3801 5
3802 7
3803 2
3804 1
3805 4
3806 5
3807 3
3808 5
3809 4
3810 6
3811 0
3812 5
3813 6
3814 5
3815 6
3816 0
3817 4
3818 7
3819 2
3820 1
3821 2
3822 0
3823 5
3824 4
3825 0
3826 3
3827 0
3828 4
3829 4
3830 6
3831 3
3832 1
3833 2
3834 6
3835 7
3836 4
3837 0
3838 1
3839 0
3840 4
3841 4
3842 1
3843 4
3844 5
3845 1
3846 5
3847 1
3848 5
3849 0
3850 4
3851 0
3852 6
3853 0
3854 6
3855 1
3856 1
3857 1
3858 6
3859 6
3860 4
3861 6
3862 3
3863 0
3864 1
3865 4
3866 2
3867 5
3868 1
3869 5
3870 6
3871 4
3872 0
3873 5
3874 5
3875 4
3876 4
3877 2
3878 0
3879 6
3880 3
3881 6
3882 1
3883 3
3884 0
3885 6
3886 1
3887 5
3888 3
3889 1
3890 4
3891 4
3892 5
3893 5
3894 6
3895 0
3896 3
3897 4
3898 0
3899 1
3900 5
3901 2
3902 4
3903 7
3904 2
3905 0
3906 5
3907 3
3908 0
3909 2
3910 5
3911 4
3912 5
3913 7
3914 0
3915 3
3916 3
3917 4
3918 1
3919 5
3920 0
3921 2
3922 3
3923 2
3924 6
3925 6
3926 3
3927 4
3928 3
3929 6
3930 6
3931 4
3932 1
3933 0
3934 2
3935 5
3936 5
3937 6
3938 3
3939 5
3940 6
3941 1
3942 4
3943 3
3944 4
3945 0
3946 5
3947 6
3948 1
3949 4
3950 5
3951 4
3952 5
3953 0
3954 3
3955 4
3956 5
3957 5
3958 4
3959 2
3960 5
3961 1
3962 0
3963 2
3964 5
3965 1
3966 2
3967 2
3968 6
3969 4
3970 4
3971 6
3972 0
3973 4
3974 6
3975 6
3976 1
3977 3
3978 5
3979 5
3980 2
3981 5
3982 4
3983 1
3984 2
3985 4
3986 6
3987 5
3988 4
3989 5
3990 3
3991 6
3992 5
3993 3
3994 6
3995 4
3996 4
3997 4
3998 4
3999 1
4000 4
4001 0
4002 6
4003 5
4004 4
4005 2
4006 3
4007 0
4008 6
4009 5
4010 4
4011 2
4012 6
4013 2
4014 4
4015 4
4016 3
4017 2
4018 0
4019 0
4020 3
4021 6
4022 0
4023 2
4024 4
4025 4
4026 6
4027 7
4028 1
4029 1
4030 3
4031 2
4032 4
4033 6
4034 4
4035 4
4036 1
4037 6
4038 6
4039 5
4040 1
4041 6
4042 4
4043 4
4044 6
4045 0
4046 6
4047 2
4048 4
4049 3
4050 0
4051 1
4052 3
4053 0
4054 4
4055 5
4056 4
4057 0
4058 0
4059 4
4060 7
4061 0
4062 6
4063 2
4064 6
4065 5
4066 4
4067 6
4068 1
4069 4
4070 0
4071 4
4072 5
4073 6
4074 4
4075 1
4076 3
4077 5
4078 1
4079 0
4080 7
4081 7
4082 4
4083 2
4084 3
4085 2
4086 0
4087 1
4088 0
4089 2
4090 3
4091 6
4092 2
4093 6
4094 2
4095 1
4096 4
4097 6
4098 3
4099 1
4100 2
4101 5
4102 1
4103 6
4104 5
4105 4
4106 7
4107 6
4108 2
4109 4
4110 0
4111 0
4112 3
4113 6
4114 1
4115 5
4116 1
4117 5
4118 4
4119 1
4120 6
4121 2
4122 4
4123 1
4124 6
4125 0
4126 5
4127 4
4128 7
4129 3
4130 4
4131 5
4132 5
4133 1
4134 3
4135 5
4136 2
4137 1
4138 3
4139 2
4140 2
4141 5
4142 6
4143 5
4144 3
4145 1
4146 2
4147 0
4148 1
4149 2
4150 6
4151 5
4152 1
4153 1
4154 4
4155 5
4156 2
4157 3
4158 4
4159 7
4160 6
4161 1
4162 6
4163 3
4164 4
4165 0
4166 5
4167 5
4168 4
4169 0
4170 3
4171 6
4172 2
4173 7
4174 4
4175 5
4176 1
4177 5
4178 6
4179 3
4180 5
4181 4
4182 5
4183 3
4184 0
4185 4
4186 3
4187 3
4188 2
4189 6
4190 3
4191 4
4192 5
4193 1
4194 4
4195 6
4196 3
4197 5
4198 4
4199 6
4200 5
4201 0
4202 4
4203 4
4204 2
4205 2
4206 3
4207 2
4208 4
4209 6
4210 3
4211 1
4212 2
4213 2
4214 6
4215 5
4216 1
4217 5
4218 2
4219 6
4220 2
4221 6
4222 0
4223 0
4224 1
4225 6
4226 5
4227 6
4228 6
4229 6
4230 3
4231 3
4232 4
4233 0
4234 4
4235 2
4236 4
4237 4
4238 2
4239 6
4240 1
4241 4
4242 1
4243 1
4244 3
4245 5
4246 5
4247 5
4248 4
4249 6
4250 4
4251 3
4252 5
4253 4
4254 6
4255 4
4256 4
4257 1
4258 0
4259 6
4260 5
4261 4
4262 2
4263 5
4264 2
4265 4
4266 0
4267 5
4268 4
4269 7
4270 1
4271 5
4272 6
4273 4
4274 5
4275 1
4276 1
4277 2
4278 3
4279 6
4280 4
4281 7
4282 5
4283 6
4284 6
4285 3
4286 0
4287 2
4288 8
4289 1
4290 4
4291 4
4292 3
4293 0
4294 3
4295 1
4296 7
4297 5
4298 4
4299 5
4300 2
4301 4
4302 1
4303 3
4304 3
4305 0
4306 7
4307 4
4308 4
4309 5
4310 6
4311 4
4312 1
4313 2
4314 7
4315 3
4316 5
4317 4
4318 2
4319 5
4320 6
4321 6
4322 2
4323 5
4324 5
4325 6
4326 5
4327 2
4328 2
4329 7
4330 6
4331 3
4332 7
4333 5
4334 2
4335 4
4336 4
4337 7
4338 2
4339 6
4340 3
4341 3
4342 6
4343 6
4344 5
4345 1
4346 4
4347 4
4348 5
4349 0
4350 5
4351 4
4352 6
4353 3
4354 6
4355 7
4356 2
4357 5
4358 4
4359 6
4360 0
4361 0
4362 4
4363 6
4364 6
4365 4
4366 4
4367 3
4368 0
4369 6
4370 5
4371 6
4372 1
4373 7
4374 6
4375 0
4376 3
4377 0
4378 2
4379 8
4380 3
4381 4
4382 4
4383 3
4384 4
4385 3
4386 6
4387 3
4388 3
4389 2
4390 5
4391 5
4392 1
4393 6
4394 4
4395 6
4396 7
4397 8
4398 5
4399 6
4400 6
4401 4
4402 1
4403 2
4404 5
4405 2
4406 5
4407 5
4408 2
4409 1
4410 4
4411 2
4412 4
4413 0
4414 0
4415 4
4416 7
4417 1
4418 5
4419 4
4420 5
4421 2
4422 5
4423 6
4424 4
4425 5
4426 7
4427 6
4428 5
4429 1
4430 7
4431 2
4432 6
4433 7
4434 2
4435 5
4436 1
4437 1
4438 5
4439 0
4440 5
4441 7
4442 5
4443 5
4444 2
4445 5
4446 6
4447 4
4448 0
4449 5
4450 1
4451 0
4452 1
4453 6
4454 3
4455 0
4456 2
4457 1
4458 4
4459 1
4460 2
4461 5
4462 0
4463 4
4464 6
4465 6
4466 6
4467 3
4468 4
4469 6
4470 4
4471 2
4472 1
4473 1
4474 5
4475 3
4476 3
4477 5
4478 2
4479 6
4480 5
4481 4
4482 6
4483 3
4484 6
4485 6
4486 0
4487 6
4488 2
4489 2
4490 5
4491 5
4492 2
4493 2
4494 3
4495 6
4496 4
4497 5
4498 5
4499 2
4500 3
4501 6
4502 5
4503 4
4504 6
4505 2
4506 7
4507 0
4508 6
4509 6
4510 6
4511 0
4512 2
4513 3
4514 5
4515 3
4516 6
4517 5
4518 6
4519 7
4520 1
4521 0
4522 7
4523 2
4524 5
4525 1
4526 6
4527 6
4528 5
4529 6
4530 3
4531 3
4532 5
4533 4
4534 7
4535 3
4536 0
4537 1
4538 1
4539 6
4540 0
4541 6
4542 4
4543 5
4544 1
4545 6
4546 3
4547 5
4548 5
4549 5
4550 3
4551 5
4552 1
4553 3
4554 4
4555 3
4556 4
4557 5
4558 0
4559 5
4560 5
4561 1
4562 4
4563 4
4564 5
4565 6
4566 1
4567 1
4568 5
4569 3
4570 3
4571 3
4572 4
4573 6
4574 2
4575 3
4576 3
4577 1
4578 6
4579 2
4580 1
4581 5
4582 1
4583 4
4584 1
4585 3
4586 3
4587 3
4588 2
4589 5
4590 1
4591 7
4592 2
4593 5
4594 6
4595 6
4596 2
4597 2
4598 6
4599 3
4600 5
4601 3
4602 3
4603 6
4604 2
4605 7
4606 2
4607 4
4608 2
4609 6
4610 1
4611 7
4612 0
4613 5
4614 3
4615 3
4616 3
4617 4
4618 4
4619 5
4620 4
4621 4
4622 1
4623 5
4624 4
4625 6
4626 3
4627 5
4628 3
4629 3
4630 5
4631 6
4632 5
4633 4
4634 0
4635 4
4636 1
4637 0
4638 4
4639 5
4640 7
4641 7
4642 2
4643 0
4644 6
4645 7
4646 2
4647 0
4648 6
4649 5
4650 0
4651 5
4652 2
4653 1
4654 2
4655 1
4656 7
4657 5
4658 5
4659 4
4660 3
4661 5
4662 5
4663 4
4664 4
4665 5
4666 5
4667 6
4668 7
4669 0
4670 7
4671 3
4672 5
4673 6
4674 4
4675 4
4676 4
4677 5
4678 2
4679 5
4680 2
4681 6
4682 6
4683 6
4684 0
4685 5
4686 0
4687 6
4688 3
4689 4
4690 4
4691 2
4692 6
4693 4
4694 7
4695 0
4696 1
4697 0
4698 7
4699 4
4700 5
4701 7
4702 5
4703 8
4704 6
4705 7
4706 3
4707 5
4708 5
4709 5
4710 1
4711 5
4712 5
4713 4
4714 6
4715 6
4716 4
4717 1
4718 6
4719 6
4720 2
4721 6
4722 6
4723 1
4724 7
4725 7
4726 5
4727 1
4728 7
4729 0
4730 7
4731 7
4732 7
4733 1
4734 3
4735 7
4736 0
4737 8
4738 1
4739 2
4740 4
4741 3
4742 3
4743 0
4744 4
4745 3
4746 6
4747 2
4748 5
4749 5
4750 2
4751 5
4752 7
4753 6
4754 3
4755 2
4756 4
4757 6
4758 1
4759 4
4760 6
4761 4
4762 0
4763 2
4764 5
4765 3
4766 4
4767 5
4768 7
4769 5
4770 7
4771 7
4772 6
4773 2
4774 5
4775 6
4776 6
4777 1
4778 3
4779 5
4780 4
4781 7
4782 7
4783 3
4784 7
4785 6
4786 6
4787 4
4788 4
4789 1
4790 6
4791 6
4792 5
4793 1
4794 6
4795 7
4796 6
4797 5
4798 1
4799 7
4800 6
4801 1
4802 3
4803 6
4804 3
4805 4
4806 7
4807 6
4808 3
4809 5
4810 6
4811 1
4812 6
4813 5
4814 3
4815 3
4816 4
4817 1
4818 7
4819 6
4820 6
4821 7
4822 3
4823 7
4824 6
4825 3
4826 4
4827 1
4828 5
4829 1
4830 6
4831 6
4832 3
4833 7
4834 0
4835 2
4836 2
4837 4
4838 8
4839 2
4840 5
4841 6
4842 7
4843 6
4844 6
4845 6
4846 5
4847 7
4848 5
4849 4
4850 7
4851 0
4852 1
4853 6
4854 2
4855 4
4856 2
4857 6
4858 0
4859 4
4860 0
4861 2
4862 5
4863 4
4864 1
4865 7
4866 6
4867 4
4868 1
4869 4
4870 4
4871 8
4872 1
4873 5
4874 2
4875 5
4876 5
4877 5
4878 6
4879 5
4880 1
4881 6
4882 5
4883 6
4884 0
4885 7
4886 5
4887 7
4888 6
4889 3
4890 0
4891 5
4892 3
4893 7
4894 1
4895 1
4896 3
4897 7
4898 3
4899 6
4900 6
4901 2
4902 7
4903 5
4904 4
4905 3
4906 6
4907 1
4908 5
4909 4
4910 5
4911 6
4912 4
4913 1
4914 4
4915 7
4916 3
4917 7
4918 7
4919 7
4920 5
4921 4
4922 2
4923 7
4924 3
4925 2
4926 5
4927 0
4928 3
4929 0
4930 7
4931 0
4932 6
4933 5
4934 5
4935 6
4936 7
4937 8
4938 6
4939 0
4940 1
4941 6
4942 3
4943 7
4944 3
4945 3
4946 4
4947 4
4948 3
4949 7
4950 5
4951 5
4952 4
4953 6
4954 0
4955 5
4956 0
4957 5
4958 3
4959 5
4960 1
4961 5
4962 5
4963 0
4964 7
4965 1
4966 6
4967 7
4968 1
4969 7
4970 5
4971 4
4972 1
4973 5
4974 7
4975 2
4976 5
4977 5
4978 8
4979 6
4980 6
4981 6
4982 5
4983 7
4984 6
4985 7
4986 3
4987 6
4988 3
4989 8
4990 6
4991 5
4992 5
4993 2
4994 6
4995 2
4996 3
4997 6
4998 2
4999 8
5000 3
5001 0
5002 6
5003 5
5004 6
5005 6
5006 6
5007 5
5008 7
5009 1
5010 6
5011 5
5012 5
5013 0
5014 6
5015 5
5016 4
5017 7
5018 6
5019 6
5020 2
5021 3
5022 6
5023 6
5024 6
5025 1
5026 2
5027 5
5028 6
5029 7
5030 2
5031 5
5032 6
5033 6
5034 3
5035 3
5036 6
5037 5
5038 2
5039 7
5040 4
5041 2
5042 2
5043 5
5044 6
5045 7
5046 2
5047 4
5048 5
5049 4
5050 5
5051 7
5052 7
5053 0
5054 3
5055 2
5056 5
5057 7
5058 5
5059 6
5060 4
5061 4
5062 7
5063 2
5064 7
5065 4
5066 4
5067 1
5068 2
5069 0
5070 8
5071 6
5072 6
5073 5
5074 5
5075 7
5076 8
5077 5
5078 5
5079 1
5080 4
5081 5
5082 5
5083 0
5084 2
5085 1
5086 8
5087 6
5088 7
5089 4
5090 1
5091 3
5092 3
5093 1
5094 6
5095 6
5096 2
5097 5
5098 6
5099 5
5100 0
5101 1
5102 2
5103 3
5104 4
5105 5
5106 1
5107 7
5108 5
5109 4
5110 5
5111 5
5112 3
5113 6
5114 4
5115 4
5116 7
5117 5
5118 8
5119 5
5120 8
5121 5
5122 6
5123 4
5124 3
5125 5
5126 8
5127 5
5128 4
5129 3
5130 2
5131 8
5132 3
5133 6
5134 4
5135 7
5136 7
5137 6
5138 7
5139 4
5140 8
5141 6
5142 5
5143 8
5144 4
5145 7
5146 7
5147 8
5148 6
5149 4
5150 8
5151 1
5152 7
5153 7
5154 6
5155 5
5156 4
5157 0
5158 3
5159 3
5160 7
5161 4
5162 5
5163 4
5164 5
5165 4
5166 2
5167 4
5168 5
5169 0
5170 7
5171 4
5172 7
5173 4
5174 1
5175 6
5176 7
5177 3
5178 4
5179 1
5180 7
5181 7
5182 8
5183 6
5184 7
5185 4
5186 0
5187 3
5188 1
5189 7
5190 6
5191 6
5192 7
5193 8
5194 4
5195 8
5196 3
5197 4
5198 5
5199 7
5200 4
5201 5
5202 6
5203 5
5204 6
5205 7
5206 6
5207 6
5208 2
5209 0
5210 6
5211 7
5212 5
5213 6
5214 8
5215 5
5216 7
5217 0
5218 7
5219 5
5220 1
5221 5
5222 8
5223 7
5224 3
5225 6
5226 6
5227 7
5228 5
5229 4
5230 7
5231 7
5232 7
5233 0
5234 1
5235 5
5236 6
5237 5
5238 2
5239 5
5240 7
5241 0
5242 6
5243 7
5244 8
5245 5
5246 3
5247 7
5248 2
5249 3
5250 4
5251 7
5252 5
5253 6
5254 1
5255 6
5256 0
5257 6
5258 0
5259 4
5260 5
5261 3
5262 4
5263 5
5264 4
5265 4
5266 6
5267 5
5268 7
5269 1
5270 2
5271 4
5272 2
5273 5
5274 9
5275 6
5276 3
5277 4
5278 4
5279 5
5280 6
5281 7
5282 2
5283 6
5284 8
5285 0
5286 5
5287 3
5288 3
5289 6
5290 3
5291 6
5292 5
5293 6
5294 6
5295 3
5296 4
5297 7
5298 1
5299 4
5300 5
5301 8
5302 5
5303 0
5304 4
5305 4
5306 7
5307 5
5308 8
5309 6
5310 7
5311 7
5312 7
5313 6
5314 1
5315 2
5316 6
5317 7
5318 2
5319 7
5320 1
5321 7
5322 0
5323 2
5324 7
5325 3
5326 6
5327 1
5328 1
5329 8
5330 3
5331 3
5332 6
5333 7
5334 6
5335 0
5336 7
5337 5
5338 2
5339 1
5340 5
5341 2
5342 4
5343 0
5344 6
5345 2
5346 8
5347 7
5348 7
5349 6
5350 2
5351 4
5352 6
5353 6
5354 1
5355 4
5356 7
5357 0
5358 3
5359 4
5360 5
5361 4
5362 1
5363 8
5364 4
5365 4
5366 3
5367 8
5368 4
5369 5
5370 6
5371 1
5372 2
5373 8
5374 8
5375 7
5376 6
5377 3
5378 1
5379 4
5380 7
5381 5
5382 4
5383 0
5384 4
5385 2
5386 6
5387 4
5388 5
5389 5
5390 5
5391 5
5392 3
5393 6
5394 0
5395 7
5396 2
5397 6
5398 6
5399 4
5400 6
5401 5
5402 6
5403 6
5404 1
5405 6
5406 6
5407 2
5408 5
5409 5
5410 6
5411 6
5412 7
5413 7
5414 2
5415 8
5416 2
5417 0
5418 5
5419 0
5420 3
5421 7
5422 4
5423 1
5424 6
5425 4
5426 2
5427 5
5428 8
5429 6
5430 6
5431 4
5432 1
5433 4
5434 2
5435 5
5436 4
5437 5
5438 0
5439 3
5440 6
5441 2
5442 7
5443 2
5444 4
5445 5
5446 6
5447 6
5448 0
5449 1
5450 7
5451 5
5452 5
5453 5
5454 4
5455 7
5456 8
5457 5
5458 4
5459 8
5460 0
5461 0
5462 5
5463 0
5464 4
5465 5
5466 5
5467 4
5468 2
5469 3
5470 6
5471 2
5472 7
5473 8
5474 3
5475 7
5476 3
5477 7
5478 7
5479 3
5480 4
5481 8
5482 6
5483 4
5484 6
5485 6
5486 8
5487 6
5488 4
5489 4
5490 0
5491 5
5492 7
5493 6
5494 3
5495 1
5496 1
5497 6
5498 5
5499 4
5500 8
5501 6
5502 6
5503 7
5504 0
5505 7
5506 7
5507 3
5508 1
5509 8
5510 6
5511 5
5512 6
5513 5
5514 1
5515 4
5516 6
5517 7
5518 4
5519 8
5520 6
5521 7
5522 7
5523 7
5524 6
5525 2
5526 7
5527 8
5528 6
5529 7
5530 7
5531 5
5532 8
5533 0
5534 4
5535 7
5536 4
5537 4
5538 6
5539 3
5540 4
5541 7
5542 6
5543 4
5544 8
5545 2
5546 0
5547 8
5548 1
5549 6
5550 8
5551 4
5552 4
5553 7
5554 5
5555 6
5556 7
5557 5
5558 2
5559 5
5560 4
5561 7
5562 4
5563 1
5564 7
5565 6
5566 6
5567 1
5568 6
5569 8
5570 8
5571 6
5572 0
5573 2
5574 5
5575 1
5576 6
5577 5
5578 7
5579 5
5580 2
5581 7
5582 1
5583 7
5584 6
5585 4
5586 7
5587 3
5588 3
5589 5
5590 1
5591 7
5592 7
5593 3
5594 3
5595 3
5596 7
5597 0
5598 6
5599 2
5600 0
5601 7
5602 2
5603 2
5604 4
5605 6
5606 8
5607 8
5608 0
5609 5
5610 3
5611 8
5612 4
5613 7
5614 7
5615 4
5616 5
5617 3
5618 7
5619 7
5620 3
5621 8
5622 6
5623 8
5624 5
5625 2
5626 6
5627 6
5628 4
5629 4
5630 2
5631 8
5632 1
5633 6
5634 5
5635 6
5636 8
5637 4
5638 7
5639 0
5640 2
5641 3
5642 0
5643 0
5644 5
5645 4
5646 7
5647 4
5648 2
5649 6
5650 5
5651 2
5652 3
5653 7
5654 6
5655 0
5656 4
5657 2
5658 3
5659 6
5660 6
5661 5
5662 7
5663 6
5664 4
5665 2
5666 7
5667 5
5668 6
5669 0
5670 8
5671 6
5672 4
5673 1
5674 4
5675 3
5676 2
5677 0
5678 6
5679 6
5680 6
5681 8
5682 5
5683 4
5684 3
5685 2
5686 7
5687 6
5688 2
5689 6
5690 6
5691 3
5692 3
5693 6
5694 7
5695 6
5696 8
5697 9
5698 5
5699 6
5700 1
5701 6
5702 3
5703 7
5704 8
5705 6
5706 6
5707 5
5708 3
5709 3
5710 3
5711 2
5712 4
5713 3
5714 4
5715 5
5716 2
5717 7
5718 2
5719 5
5720 8
5721 6
5722 6
5723 7
5724 3
5725 5
5726 2
5727 7
5728 7
5729 4
5730 6
5731 3
5732 4
5733 5
5734 8
5735 7
5736 0
5737 6
5738 6
5739 6
5740 3
5741 1
5742 5
5743 5
5744 0
5745 0
5746 7
5747 3
5748 8
5749 5
5750 2
5751 6
5752 7
5753 0
5754 4
5755 7
5756 6
5757 2
5758 5
5759 5
5760 4
5761 2
5762 3
5763 5
5764 7
5765 5
5766 6
5767 4
5768 8
5769 7
5770 6
5771 3
5772 7
5773 7
5774 7
5775 5
5776 6
5777 6
5778 0
5779 6
5780 2
5781 6
5782 6
5783 7
5784 3
5785 3
5786 0
5787 7
5788 7
5789 7
5790 5
5791 4
5792 4
5793 7
5794 4
5795 6
5796 0
5797 9
5798 1
5799 5
5800 5
5801 5
5802 7
5803 4
5804 7
5805 6
5806 4
5807 3
5808 3
5809 5
5810 1
5811 2
5812 8
5813 7
5814 8
5815 7
5816 6
5817 2
5818 8
5819 6
5820 8
5821 7
5822 5
5823 2
5824 0
5825 6
5826 3
5827 8
5828 0
5829 8
5830 6
5831 5
5832 4
5833 3
5834 4
5835 2
5836 7
5837 6
5838 8
5839 3
5840 2
5841 2
5842 6
5843 4
5844 5
5845 8
5846 7
5847 8
5848 8
5849 6
5850 0
5851 1
5852 7
5853 2
5854 0
5855 6
5856 3
5857 9
5858 6
5859 8
5860 5
5861 7
5862 0
5863 4
5864 8
5865 6
5866 7
5867 7
5868 7
5869 8
5870 7
5871 5
5872 7
5873 8
5874 5
5875 8
5876 6
5877 8
5878 8
5879 8
5880 3
5881 8
5882 8
5883 8
5884 1
5885 5
5886 5
5887 7
5888 5
5889 4
5890 6
5891 5
5892 7
5893 0
5894 7
5895 2
5896 4
5897 5
5898 8
5899 8
5900 5
5901 9
5902 2
5903 9
5904 8
5905 0
5906 8
5907 0
5908 7
5909 4
5910 2
5911 6
5912 7
5913 8
5914 2
5915 6
5916 5
5917 9
5918 6
5919 8
5920 8
5921 4
5922 6
5923 3
5924 7
5925 9
5926 8
5927 7
5928 8
5929 5
5930 3
5931 9
5932 4
5933 2
5934 7
5935 6
5936 6
5937 5
5938 4
5939 8
5940 6
5941 0
5942 7
5943 4
5944 8
5945 8
5946 3
5947 6
5948 2
5949 5
5950 7
5951 2
5952 2
5953 3
5954 5
5955 2
5956 1
5957 7
5958 5
5959 6
5960 3
5961 7
5962 5
5963 8
5964 6
5965 1
5966 3
5967 4
5968 2
5969 4
5970 8
5971 6
5972 8
5973 4
5974 2
5975 6
5976 7
5977 0
5978 5
5979 4
5980 4
5981 4
5982 7
5983 3
5984 4
5985 3
5986 4
5987 7
5988 4
5989 1
5990 8
5991 8
5992 7
5993 8
5994 8
5995 3
5996 6
5997 7
5998 7
5999 2
6000 6
6001 3
6002 5
6003 3
6004 8
6005 8
6006 5
6007 7
6008 3
6009 5
6010 5
6011 8
6012 5
6013 8
6014 3
6015 7
6016 5
6017 0
6018 6
6019 4
6020 4
6021 3
6022 5
6023 2
6024 5
6025 8
6026 7
6027 9
6028 1
6029 6
6030 0
6031 0
6032 4
6033 3
6034 1
6035 8
6036 2
6037 8
6038 8
6039 7
6040 8
6041 4
6042 7
6043 4
6044 4
6045 4
6046 5
6047 4
6048 1
6049 0
6050 3
6051 8
6052 3
6053 7
6054 7
6055 6
6056 7
6057 8
6058 7
6059 0
6060 5
6061 2
6062 3
6063 9
6064 7
6065 3
6066 6
6067 5
6068 8
6069 9
6070 4
6071 4
6072 6
6073 6
6074 7
6075 4
6076 7
6077 0
6078 7
6079 9
6080 4
6081 2
6082 5
6083 6
6084 5
6085 8
6086 4
6087 3
6088 8
6089 2
6090 6
6091 9
6092 6
6093 1
6094 8
6095 8
6096 9
6097 6
6098 4
6099 7
6100 3
6101 1
6102 9
6103 5
6104 8
6105 6
6106 0
6107 6
6108 5
6109 5
6110 4
6111 8
6112 3
6113 7
6114 8
6115 3
6116 7
6117 2
6118 3
6119 7
6120 0
6121 5
6122 9
6123 5
6124 4
6125 4
6126 0
6127 6
6128 7
6129 3
6130 8
6131 2
6132 7
6133 4
6134 7
6135 6
6136 6
6137 4
6138 8
6139 1
6140 3
6141 5
6142 7
6143 0
6144 1
6145 6
6146 9
6147 4
6148 0
6149 9
6150 2
6151 0
6152 5
6153 9
6154 4
6155 10
6156 9
6157 5
6158 4
6159 7
6160 8
6161 1
6162 5
6163 7
6164 7
6165 5
6166 2
6167 1
6168 6
6169 3
6170 7
6171 8
6172 8
6173 3
6174 7
6175 9
6176 2
6177 6
6178 2
6179 4
6180 9
6181 7
6182 0
6183 5
6184 9
6185 7
6186 7
6187 7
6188 6
6189 2
6190 0
6191 3
6192 9
6193 3
6194 9
6195 2
6196 4
6197 5
6198 6
6199 1
6200 5
6201 4
6202 7
6203 6
6204 4
6205 7
6206 2
6207 1
6208 7
6209 7
6210 7
6211 9
6212 7
6213 6
6214 4
6215 3
6216 0
6217 4
6218 7
6219 6
6220 3
6221 2
6222 6
6223 8
6224 7
6225 8
6226 9
6227 7
6228 8
6229 4
6230 7
6231 8
6232 7
6233 10
6234 6
6235 3
6236 1
6237 6
6238 0
6239 6
6240 3
6241 1
6242 8
6243 1
6244 6
6245 8
6246 8
6247 5
6248 5
6249 2
6250 2
6251 3
6252 8
6253 3
6254 9
6255 8
6256 8
6257 7
6258 2
6259 5
6260 3
6261 9
6262 7
6263 2
6264 7
6265 8
6266 4
6267 3
6268 3
6269 2
6270 6
6271 3
6272 6
6273 7
6274 0
6275 8
6276 6
6277 5
6278 4
6279 6
6280 9
6281 8
6282 8
6283 3
6284 3
6285 8
6286 4
6287 7
6288 4
6289 8
6290 7
6291 2
6292 7
6293 3
6294 7
6295 8
6296 3
6297 0
6298 6
6299 6
6300 5
6301 3
6302 7
6303 5
6304 1
6305 8
6306 5
6307 8
6308 7
6309 5
6310 7
6311 9
6312 7
6313 5
6314 7
6315 6
6316 6
6317 7
6318 4
6319 8
6320 7
6321 8
6322 6
6323 4
6324 6
6325 8
6326 5
6327 6
6328 3
6329 4
6330 2
6331 8
6332 8
6333 7
6334 7
6335 7
6336 7
6337 3
6338 0
6339 6
6340 5
6341 7
6342 7
6343 6
6344 0
6345 9
6346 0
6347 8
6348 6
6349 8
6350 1
6351 8
6352 7
6353 6
6354 8
6355 0
6356 0
6357 2
6358 3
6359 5
6360 9
6361 5
6362 2
6363 4
6364 7
6365 0
6366 7
6367 7
6368 1
6369 5
6370 6
6371 3
6372 5
6373 3
6374 7
6375 8
6376 1
6377 5
6378 8
6379 4
6380 6
6381 2
6382 1
6383 6
6384 1
6385 8
6386 4
6387 8
6388 2
6389 0
6390 5
6391 8
6392 2
6393 1
6394 3
6395 6
6396 6
6397 4
6398 3
6399 8
6400 4
6401 3
6402 4
6403 5
6404 2
6405 5
6406 1
6407 4
6408 9
6409 4
6410 7
6411 8
6412 6
6413 6
6414 5
6415 5
6416 7
6417 7
6418 7
6419 5
6420 9
6421 1
6422 7
6423 5
6424 9
6425 0
6426 8
6427 6
6428 5
6429 6
6430 3
6431 5
6432 6
6433 0
6434 8
6435 5
6436 4
6437 4
6438 7
6439 1
6440 2
6441 6
6442 6
6443 8
6444 7
6445 4
6446 4
6447 6
6448 7
6449 8
6450 5
6451 3
6452 0
6453 3
6454 5
6455 5
6456 5
6457 4
6458 6
6459 1
6460 1
6461 9
6462 5
6463 1
6464 7
6465 7
6466 9
6467 5
6468 0
6469 7
6470 6
6471 7
6472 6
6473 3
6474 9
6475 2
6476 2
6477 0
6478 6
6479 8
6480 9
6481 2
6482 3
6483 1
6484 5
6485 9
6486 9
6487 3
6488 5
6489 5
6490 2
6491 1
6492 3
6493 2
6494 8
6495 2
6496 6
6497 5
6498 3
6499 3
6500 9
6501 2
6502 8
6503 3
6504 8
6505 1
6506 4
6507 4
6508 6
6509 9
6510 7
6511 8
6512 9
6513 2
6514 4
6515 8
6516 7
6517 8
6518 8
6519 6
6520 3
6521 2
6522 1
6523 8
6524 1
6525 4
6526 0
6527 9
6528 5
6529 2
6530 1
6531 6
6532 4
6533 7
6534 6
6535 6
6536 6
6537 7
6538 8
6539 4
6540 8
6541 8
6542 5
6543 4
6544 8
6545 3
6546 3
6547 1
6548 1
6549 7
6550 8
6551 4
6552 7
6553 7
6554 4
6555 2
6556 5
6557 7
6558 4
6559 5
6560 5
6561 7
6562 3
6563 4
6564 7
6565 4
6566 7
6567 6
6568 8
6569 4
6570 8
6571 3
6572 1
6573 5
6574 8
6575 7
6576 1
6577 1
6578 0
6579 4
6580 6
6581 5
6582 7
6583 5
6584 5
6585 9
6586 8
6587 9
6588 1
6589 5
6590 6
6591 7
6592 1
6593 6
6594 8
6595 5
6596 4
6597 7
6598 7
6599 8
6600 6
6601 7
6602 6
6603 7
6604 8
6605 7
6606 6
6607 6
6608 0
6609 7
6610 6
6611 0
6612 1
6613 7
6614 4
6615 9
6616 3
6617 6
6618 1
6619 3
6620 1
6621 4
6622 6
6623 3
6624 5
6625 8
6626 1
6627 2
6628 2
6629 8
6630 8
6631 5
6632 9
6633 4
6634 1
6635 6
6636 1
6637 9
6638 7
6639 8
6640 3
6641 2
6642 6
6643 5
6644 0
6645 5
6646 6
6647 8
6648 1
6649 4
6650 6
6651 9
6652 5
6653 8
6654 6
6655 9
6656 1
6657 5
6658 0
6659 4
6660 8
6661 9
6662 4
6663 7
6664 7
6665 8
6666 6
6667 5
6668 2
6669 6
6670 10
6671 5
6672 4
6673 8
6674 8
6675 6
6676 5
6677 5
6678 8
6679 8
6680 5
6681 8
6682 2
6683 1
6684 1
6685 7
6686 7
6687 9
6688 1
6689 1
6690 3
6691 8
6692 9
6693 7
6694 9
6695 7
6696 4
6697 9
6698 6
6699 6
6700 3
6701 7
6702 8
6703 1
6704 6
6705 1
6706 2
6707 4
6708 2
6709 3
6710 0
6711 8
6712 6
6713 0
6714 8
6715 6
6716 10
6717 1
6718 5
6719 9
6720 10
6721 6
6722 9
6723 8
6724 9
6725 9
6726 5
6727 1
6728 3
6729 5
6730 6
6731 2
6732 6
6733 3
6734 5
6735 5
6736 2
6737 9
6738 6
6739 3
6740 2
6741 6
6742 7
6743 5
6744 9
6745 8
6746 5
6747 3
6748 8
6749 7
6750 7
6751 7
6752 9
6753 8
6754 7
6755 7
6756 1
6757 3
6758 7
6759 7
6760 7
6761 8
6762 8
6763 8
6764 6
6765 5
6766 7
6767 6
6768 5
6769 2
6770 3
6771 6
6772 4
6773 5
6774 5
6775 9
6776 9
6777 4
6778 5
6779 2
6780 7
6781 9
6782 9
6783 5
6784 4
6785 4
6786 3
6787 5
6788 9
6789 10
6790 2
6791 0
6792 8
6793 8
6794 9
6795 4
6796 6
6797 3
6798 5
6799 6
6800 9
6801 8
6802 5
6803 1
6804 5
6805 9
6806 6
6807 5
6808 7
6809 5
6810 2
6811 2
6812 6
6813 9
6814 0
6815 7
6816 5
6817 6
6818 8
6819 4
6820 8
6821 5
6822 6
6823 3
6824 7
6825 9
6826 6
6827 3
6828 2
6829 4
6830 8
6831 6
6832 6
6833 8
6834 7
6835 7
6836 6
6837 2
6838 8
6839 8
6840 8
6841 1
6842 7
6843 6
6844 5
6845 9
6846 8
6847 6
6848 10
6849 6
6850 10
6851 3
6852 2
6853 7
6854 10
6855 4
6856 6
6857 8
6858 0
6859 5
6860 7
6861 8
6862 0
6863 6
6864 9
6865 3
6866 4
6867 7
6868 2
6869 7
6870 2
6871 9
6872 3
6873 9
6874 7
6875 9
6876 8
6877 2
6878 4
6879 4
6880 9
6881 10
6882 2
6883 9
6884 8
6885 8
6886 1
6887 6
6888 7
6889 6
6890 7
6891 7
6892 5
6893 9
6894 7
6895 9
6896 0
6897 7
6898 8
6899 1
6900 3
6901 4
6902 7
6903 7
6904 7
6905 9
6906 4
6907 1
6908 5
6909 4
6910 1
6911 6
6912 7
6913 9
6914 7
6915 7
6916 7
6917 3
6918 7
6919 8
6920 3
6921 9
6922 10
6923 0
6924 9
6925 4
6926 7
6927 6
6928 6
6929 7
6930 6
6931 1
6932 6
6933 9
6934 2
6935 7
6936 3
6937 6
6938 5
6939 4
6940 5
6941 9
6942 8
6943 5
6944 7
6945 0
6946 8
6947 8
6948 3
6949 2
6950 5
6951 5
6952 8
6953 4
6954 6
6955 0
6956 8
6957 6
6958 1
6959 9
6960 5
6961 1
6962 1
6963 8
6964 0
6965 9
6966 0
6967 5
6968 7
6969 5
6970 7
6971 4
6972 7
6973 3
6974 0
6975 8
6976 9
6977 7
6978 0
6979 3
6980 2
6981 9
6982 10
6983 1
6984 8
6985 3
6986 4
6987 7
6988 7
6989 8
6990 7
6991 3
6992 8
6993 7
6994 8
6995 2
6996 9
6997 2
6998 7
6999 6
7000 1
7001 8
7002 9
7003 9
7004 9
7005 9
7006 7
7007 8
7008 2
7009 8
7010 5
7011 8
7012 0
7013 8
7014 9
7015 7
7016 8
7017 9
7018 0
7019 0
7020 4
7021 9
7022 9
7023 2
7024 4
7025 5
7026 8
7027 2
7028 5
7029 9
7030 7
7031 8
7032 8
7033 10
7034 3
7035 8
7036 3
7037 4
7038 7
7039 6
7040 8
7041 8
7042 7
7043 5
7044 3
7045 3
7046 9
7047 1
7048 7
7049 7
7050 2
7051 7
7052 7
7053 5
7054 3
7055 3
7056 6
7057 2
7058 7
7059 5
7060 3
7061 6
7062 7
7063 3
7064 7
7065 9
7066 7
7067 9
7068 7
7069 7
7070 1
7071 2
7072 5
7073 1
7074 4
7075 8
7076 7
7077 9
7078 6
7079 9
7080 10
7081 7
7082 6
7083 9
7084 2
7085 9
7086 3
7087 8
7088 7
7089 4
7090 2
7091 8
7092 2
7093 9
7094 4
7095 8
7096 8
7097 7
7098 2
7099 2
7100 8
7101 5
7102 3
7103 8
7104 7
7105 9
7106 2
7107 2
7108 4
7109 8
7110 7
7111 6
7112 7
7113 9
7114 3
7115 8
7116 6
7117 9
7118 8
7119 0
7120 6
7121 9
7122 8
7123 9
7124 6
7125 3
7126 4
7127 1
7128 3
7129 8
7130 6
7131 9
7132 8
7133 9
7134 7
7135 10
7136 7
7137 7
7138 9
7139 8
7140 4
7141 6
7142 9
7143 8
7144 9
7145 0
7146 8
7147 2
7148 9
7149 3
7150 3
7151 5
7152 3
7153 10
7154 9
7155 3
7156 8
7157 6
7158 6
7159 2
7160 7
7161 8
7162 0
7163 10
7164 5
7165 9
7166 1
7167 9
7168 7
7169 6
7170 7
7171 8
7172 7
7173 6
7174 2
7175 8
7176 7
7177 8
7178 6
7179 8
7180 9
7181 2
7182 0
7183 2
7184 3
7185 0
7186 3
7187 9
7188 6
7189 10
7190 8
7191 2
7192 5
7193 2
7194 7
7195 7
7196 8
7197 1
7198 1
7199 1
7200 5
7201 1
7202 7
7203 8
7204 1
7205 7
7206 6
7207 6
7208 6
7209 4
7210 1
7211 9
7212 9
7213 8
7214 4
7215 9
7216 9
7217 8
7218 3
7219 1
7220 6
7221 5
7222 2
7223 4
7224 4
7225 8
7226 8
7227 6
7228 8
7229 2
7230 4
7231 1
7232 9
7233 6
7234 7
7235 7
7236 4
7237 8
7238 6
7239 7
7240 3
7241 8
7242 7
7243 6
7244 5
7245 2
7246 8
7247 9
7248 6
7249 0
7250 6
7251 10
7252 2
7253 8
7254 0
7255 7
7256 7
7257 9
7258 10
7259 5
7260 5
7261 5
7262 10
7263 6
7264 3
7265 9
7266 10
7267 2
7268 4
7269 2
7270 1
7271 8
7272 6
7273 8
7274 1
7275 8
7276 7
7277 9
7278 4
7279 9
7280 8
7281 10
7282 0
7283 8
7284 6
7285 8
7286 7
7287 6
7288 7
7289 5
7290 8
7291 2
7292 8
7293 7
7294 6
7295 1
7296 8
7297 6
7298 3
7299 5
7300 8
7301 10
7302 9
7303 1
7304 9
7305 10
7306 8
7307 7
7308 2
7309 8
7310 3
7311 9
7312 2
7313 6
7314 9
7315 8
7316 8
7317 8
7318 7
7319 8
7320 8
7321 5
7322 9
7323 0
7324 7
7325 8
7326 7
7327 3
7328 5
7329 5
7330 8
7331 6
7332 7
7333 4
7334 5
7335 7
7336 6
7337 6
7338 7
7339 4
7340 6
7341 6
7342 7
7343 9
7344 4
7345 6
7346 7
7347 5
7348 3
7349 9
7350 5
7351 7
7352 9
7353 1
7354 10
7355 8
7356 8
7357 7
7358 3
7359 3
7360 6
7361 10
7362 9
7363 5
7364 4
7365 7
7366 7
7367 7
7368 4
7369 1
7370 10
7371 2
7372 4
7373 10
7374 7
7375 10
7376 3
7377 2
7378 5
7379 8
7380 3
7381 10
7382 3
7383 9
7384 7
7385 0
7386 3
7387 3
7388 9
7389 9
7390 8
7391 2
7392 5
7393 1
7394 8
7395 10
7396 5
7397 8
7398 9
7399 1
7400 5
7401 9
7402 7
7403 7
7404 9
7405 8
7406 5
7407 9
7408 7
7409 3
7410 7
7411 0
7412 6
7413 5
7414 2
7415 6
7416 6
7417 0
7418 8
7419 9
7420 5
7421 11
7422 7
7423 9
7424 10
7425 3
7426 7
7427 8
7428 1
7429 7
7430 1
7431 3
7432 9
7433 7
7434 8
7435 4
7436 8
7437 9
7438 9
7439 10
7440 7
7441 4
7442 3
7443 7
7444 2
7445 6
7446 4
7447 7
7448 10
7449 10
7450 5
7451 4
7452 1
7453 6
7454 7
7455 6
7456 8
7457 10
7458 3
7459 9
7460 6
7461 4
7462 8
7463 4
7464 7
7465 6
7466 7
7467 6
7468 10
7469 6
7470 6
7471 7
7472 6
7473 7
7474 8
7475 8
7476 6
7477 6
7478 5
7479 7
7480 8
7481 1
7482 3
7483 5
7484 7
7485 8
7486 8
7487 8
7488 8
7489 9
7490 7
7491 5
7492 10
7493 7
7494 8
7495 6
7496 5
7497 8
7498 1
7499 9
7500 9
7501 6
7502 9
7503 7
7504 2
7505 8
7506 8
7507 5
7508 9
7509 9
7510 7
7511 8
7512 5
7513 4
7514 10
7515 7
7516 10
7517 8
7518 4
7519 9
7520 10
7521 6
7522 0
7523 7
7524 10
7525 6
7526 10
7527 9
7528 3
7529 3
7530 5
7531 6
7532 8
7533 9
7534 7
7535 6
7536 6
7537 6
7538 9
7539 7
7540 1
7541 7
7542 3
7543 10
7544 3
7545 4
7546 4
7547 4
7548 4
7549 8
7550 8
7551 3
7552 1
7553 8
7554 7
7555 7
7556 2
7557 5
7558 6
7559 6
7560 9
7561 9
7562 10
7563 8
7564 10
7565 4
7566 0
7567 7
7568 1
7569 7
7570 8
7571 6
7572 5
7573 8
7574 6
7575 9
7576 8
7577 9
7578 6
7579 9
7580 10
7581 2
7582 8
7583 8
7584 7
7585 5
7586 6
7587 5
7588 3
7589 10
7590 1
7591 10
7592 5
7593 7
7594 4
7595 8
7596 2
7597 7
7598 5
7599 3
7600 9
7601 8
7602 1
7603 0
7604 4
7605 1
7606 9
7607 5
7608 5
7609 8
7610 6
7611 0
7612 9
7613 2
7614 10
7615 9
7616 9
7617 10
7618 8
7619 10
7620 9
7621 2
7622 0
7623 2
7624 5
7625 7
7626 10
7627 8
7628 5
7629 6
7630 4
7631 10
7632 10
7633 9
7634 8
7635 3
7636 6
7637 1
7638 7
7639 9
7640 3
7641 7
7642 8
7643 0
7644 8
7645 9
7646 10
7647 7
7648 0
7649 6
7650 0
7651 9
7652 9
7653 6
7654 8
7655 10
7656 6
7657 5
7658 9
7659 10
7660 10
7661 9
7662 6
7663 8
7664 2
7665 9
7666 9
7667 4
7668 6
7669 4
7670 10
7671 1
7672 10
7673 5
7674 9
7675 6
7676 7
7677 7
7678 7
7679 2
7680 7
7681 1
7682 9
7683 6
7684 4
7685 3
7686 10
7687 3
7688 6
7689 6
7690 10
7691 3
7692 7
7693 4
7694 9
7695 9
7696 2
7697 8
7698 5
7699 5
7700 9
7701 4
7702 6
7703 5
7704 8
7705 8
7706 5
7707 7
7708 8
7709 4
7710 5
7711 5
7712 6
7713 8
7714 10
7715 5
7716 4
7717 8
7718 10
7719 6
7720 8
7721 8
7722 5
7723 6
7724 2
7725 9
7726 7
7727 8
7728 8
7729 7
7730 6
7731 7
7732 2
7733 6
7734 8
7735 9
7736 8
7737 4
7738 3
7739 9
7740 7
7741 6
7742 9
7743 8
7744 5
7745 7
7746 9
7747 5
7748 4
7749 4
7750 6
7751 2
7752 8
7753 3
7754 7
7755 8
7756 9
7757 6
7758 5
7759 9
7760 1
7761 9
7762 7
7763 7
7764 7
7765 2
7766 8
7767 9
7768 0
7769 6
7770 1
7771 5
7772 8
7773 10
7774 8
7775 7
7776 8
7777 1
7778 5
7779 9
7780 10
7781 7
7782 1
7783 9
7784 8
7785 7
7786 6
7787 8
7788 5
7789 9
7790 9
7791 9
7792 10
7793 9
7794 7
7795 3
7796 2
7797 7
7798 1
7799 9
7800 4
7801 5
7802 7
7803 2
7804 4
7805 7
7806 8
7807 7
7808 11
7809 4
7810 8
7811 9
7812 3
7813 8
7814 5
7815 8
7816 6
7817 7
7818 8
7819 4
7820 5
7821 8
7822 9
7823 2
7824 3
7825 7
7826 10
7827 10
7828 7
7829 7
7830 1
7831 3
7832 2
7833 8
7834 9
7835 10
7836 9
7837 9
7838 5
7839 0
7840 7
7841 2
7842 6
7843 4
7844 9
7845 7
7846 8
7847 8
7848 5
7849 1
7850 9
7851 3
7852 7
7853 9
7854 8
7855 5
7856 1
7857 9
7858 1
7859 0
7860 9
7861 8
7862 10
7863 9
7864 0
7865 3
7866 10
7867 9
7868 0
7869 3
7870 5
7871 3
7872 6
7873 8
7874 9
7875 8
7876 9
7877 8
7878 3
7879 3
7880 1
7881 7
7882 2
7883 9
7884 9
7885 9
7886 10
7887 5
7888 1
7889 10
7890 9
7891 7
7892 4
7893 9
7894 8
7895 8
7896 4
7897 9
7898 10
7899 8
7900 7
7901 4
7902 5
7903 9
7904 4
7905 0
7906 6
7907 10
7908 8
7909 6
7910 5
7911 4
7912 8
7913 5
7914 9
7915 4
7916 10
7917 9
7918 8
7919 8
7920 9
7921 9
7922 10
7923 5
7924 6
7925 2
7926 8
7927 4
7928 8
7929 7
7930 2
7931 10
7932 4
7933 6
7934 10
7935 6
7936 8
7937 10
7938 0
7939 3
7940 3
7941 2
7942 8
7943 1
7944 5
7945 10
7946 1
7947 10
7948 11
7949 9
7950 2
7951 9
7952 9
7953 5
7954 6
7955 10
7956 1
7957 2
7958 9
7959 5
7960 0
7961 8
7962 9
7963 10
7964 9
7965 7
7966 2
7967 8
7968 3
7969 8
7970 11
7971 11
7972 9
7973 6
7974 3
7975 8
7976 11
7977 2
7978 8
7979 8
7980 8
7981 8
7982 5
7983 0
7984 1
7985 7
7986 7
7987 9
7988 8
7989 7
7990 1
7991 8
7992 5
7993 1
7994 1
7995 5
7996 3
7997 4
7998 3
7999 10
8000 10
8001 9
8002 8
8003 9
8004 8
8005 11
8006 9
8007 9
8008 11
8009 6
8010 9
8011 7
8012 2
8013 5
8014 7
8015 9
8016 7
8017 11
8018 6
8019 7
8020 3
8021 8
8022 4
8023 7
8024 6
8025 9
8026 8
8027 7
8028 5
8029 8
8030 10
8031 10
8032 2
8033 7
8034 10
8035 8
8036 10
8037 9
8038 9
8039 8
8040 7
8041 2
8042 2
8043 9
8044 5
8045 9
8046 6
8047 2
8048 8
8049 9
8050 6
8051 10
8052 10
8053 2
8054 3
8055 1
8056 7
8057 9
8058 9
8059 6
8060 3
8061 7
8062 5
8063 4
8064 4
8065 1
8066 8
8067 8
8068 9
8069 5
8070 7
8071 2
8072 1
8073 10
8074 1
8075 6
8076 9
8077 6
8078 7
8079 9
8080 9
8081 3
8082 9
8083 11
8084 2
8085 8
8086 11
8087 10
8088 8
8089 2
8090 11
8091 9
8092 7
8093 0
8094 8
8095 7
8096 8
8097 9
8098 5
8099 8
8100 6
8101 5
8102 7
8103 10
8104 7
8105 1
8106 10
8107 2
8108 9
8109 0
8110 8
8111 9
8112 6
8113 5
8114 9
8115 10
8116 11
8117 8
8118 9
8119 8
8120 8
8121 8
8122 7
8123 0
8124 7
8125 7
8126 7
8127 1
8128 5
8129 10
8130 6
8131 10
8132 9
8133 7
8134 10
8135 7
8136 0
8137 6
8138 10
8139 7
8140 5
8141 8
8142 4
8143 10
8144 9
8145 3
8146 9
8147 8
8148 6
8149 9
8150 9
8151 6
8152 7
8153 9
8154 6
8155 10
8156 8
8157 8
8158 0
8159 9
8160 2
8161 0
8162 7
8163 5
8164 7
8165 10
8166 3
8167 0
8168 8
8169 4
8170 2
8171 6
8172 8
8173 6
8174 10
8175 2
8176 0
8177 10
8178 7
8179 6
8180 6
8181 9
8182 10
8183 8
8184 3
8185 7
8186 8
8187 6
8188 3
8189 2
8190 3
8191 6
8192 0
8193 4
8194 8
8195 10
8196 0
8197 9
8198 5
8199 10
8200 3
8201 10
8202 9
8203 9
8204 7
8205 9
8206 2
8207 10
8208 7
8209 8
8210 3
8211 1
8212 4
8213 9
8214 10
8215 10
8216 0
8217 10
8218 7
8219 9
8220 1
8221 9
8222 8
8223 9
8224 7
8225 7
8226 6
8227 4
8228 5
8229 1
8230 10
8231 3
8232 11
8233 7
8234 6
8235 1
8236 10
8237 10
8238 7
8239 6
8240 2
8241 8
8242 8
8243 2
8244 1
8245 2
8246 9
8247 3
8248 0
8249 7
8250 8
8251 1
8252 7
8253 10
8254 11
8255 8
8256 8
8257 9
8258 5
8259 6
8260 5
8261 9
8262 8
8263 7
8264 4
8265 9
8266 6
8267 0
8268 9
8269 9
8270 8
8271 6
8272 4
8273 1
8274 8
8275 1
8276 8
8277 6
8278 7
8279 5
8280 4
8281 9
8282 10
8283 7
8284 5
8285 5
8286 11
8287 1
8288 6
8289 7
8290 1
8291 8
8292 7
8293 10
8294 4
8295 6
8296 2
8297 9
8298 10
8299 9
8300 0
8301 3
8302 3
8303 9
8304 10
8305 11
8306 5
8307 7
8308 9
8309 1
8310 0
8311 0
8312 9
8313 0
8314 5
8315 3
8316 2
8317 9
8318 8
8319 9
8320 8
8321 9
8322 4
8323 8
8324 9
8325 2
8326 9
8327 9
8328 10
8329 10
8330 8
8331 11
8332 2
8333 1
8334 3
8335 7
8336 8
8337 10
8338 0
8339 3
8340 5
8341 10
8342 4
8343 12
8344 0
8345 10
8346 11
8347 8
8348 9
8349 9
8350 9
8351 7
8352 4
8353 5
8354 9
8355 8
8356 9
8357 2
8358 3
8359 3
8360 6
8361 9
8362 8
8363 2
8364 5
8365 7
8366 7
8367 8
8368 9
8369 7
8370 8
8371 9
8372 3
8373 4
8374 0
8375 9
8376 9
8377 10
8378 10
8379 10
8380 11
8381 9
8382 5
8383 6
8384 4
8385 10
8386 9
8387 9
8388 1
8389 3
8390 9
8391 10
8392 8
8393 10
8394 6
8395 8
8396 6
8397 8
8398 5
8399 7
8400 3
8401 7
8402 10
8403 3
8404 9
8405 10
8406 4
8407 4
8408 6
8409 2
8410 4
8411 8
8412 10
8413 5
8414 7
8415 9
8416 5
8417 1
8418 6
8419 5
8420 9
8421 4
8422 8
8423 7
8424 6
8425 7
8426 7
8427 6
8428 9
8429 2
8430 2
8431 5
8432 9
8433 7
8434 8
8435 8
8436 7
8437 6
8438 4
8439 10
8440 7
8441 10
8442 8
8443 4
8444 7
8445 4
8446 9
8447 8
8448 11
8449 9
8450 9
8451 9
8452 5
8453 8
8454 5
8455 7
8456 5
8457 7
8458 7
8459 10
8460 3
8461 7
8462 9
8463 2
8464 7
8465 4
8466 11
8467 11
8468 9
8469 10
8470 10
8471 10
8472 10
8473 8
8474 9
8475 5
8476 9
8477 2
8478 9
8479 10
8480 8
8481 10
8482 9
8483 4
8484 9
8485 11
8486 4
8487 4
8488 9
8489 9
8490 7
8491 3
8492 11
8493 0
8494 7
8495 10
8496 6
8497 3
8498 4
8499 4
8500 4
8501 5
8502 9
8503 5
8504 1
8505 9
8506 4
8507 2
8508 9
8509 2
8510 10
8511 9
8512 3
8513 10
8514 1
8515 4
8516 10
8517 3
8518 7
8519 10
8520 8
8521 9
8522 2
8523 7
8524 7
8525 8
8526 7
8527 5
8528 8
8529 7
8530 8
8531 10
8532 5
8533 9
8534 1
8535 11
8536 6
8537 3
8538 9
8539 11
8540 9
8541 10
8542 7
8543 1
8544 2
8545 0
8546 10
8547 5
8548 7
8549 3
8550 9
8551 7
8552 0
8553 11
8554 4
8555 4
8556 8
8557 1
8558 8
8559 6
8560 7
8561 9
8562 9
8563 7
8564 7
8565 7
8566 10
8567 3
8568 7
8569 10
8570 8
8571 10
8572 3
8573 9
8574 6
8575 8
8576 5
8577 11
8578 10
8579 2
8580 5
8581 10
8582 4
8583 5
8584 9
8585 8
8586 10
8587 6
8588 1
8589 9
8590 10
8591 0
8592 0
8593 6
8594 10
8595 7
8596 5
8597 3
8598 12
8599 6
8600 8
8601 8
8602 3
8603 10
8604 8
8605 10
8606 2
8607 4
8608 11
8609 11
8610 9
8611 10
8612 8
8613 5
8614 10
8615 6
8616 11
8617 9
8618 0
8619 9
8620 7
8621 5
8622 8
8623 11
8624 10
8625 6
8626 10
8627 7
8628 2
8629 9
8630 10
8631 10
8632 8
8633 0
8634 7
8635 9
8636 8
8637 8
8638 9
8639 7
8640 8
8641 7
8642 12
8643 10
8644 10
8645 7
8646 0
8647 5
8648 4
8649 8
8650 8
8651 6
8652 1
8653 7
8654 10
8655 4
8656 3
8657 8
8658 8
8659 6
8660 10
8661 2
8662 6
8663 3
8664 6
8665 5
8666 9
8667 10
8668 8
8669 2
8670 8
8671 10
8672 1
8673 9
8674 7
8675 9
8676 8
8677 1
8678 5
8679 11
8680 11
8681 7
8682 3
8683 10
8684 10
8685 3
8686 11
8687 8
8688 11
8689 9
8690 11
8691 7
8692 9
8693 9
8694 8
8695 5
8696 9
8697 4
8698 10
8699 5
8700 8
8701 7
8702 10
8703 8
8704 7
8705 8
8706 9
8707 0
8708 4
8709 10
8710 6
8711 8
8712 6
8713 4
8714 8
8715 9
8716 9
8717 9
8718 8
8719 9
8720 10
8721 9
8722 4
8723 8
8724 10
8725 9
8726 1
8727 10
8728 6
8729 2
8730 5
8731 10
8732 8
8733 3
8734 4
8735 9
8736 10
8737 6
8738 6
8739 3
8740 4
8741 10
8742 11
8743 10
8744 7
8745 6
8746 7
8747 9
8748 5
8749 11
8750 10
8751 10
8752 9
8753 3
8754 10
8755 8
8756 6
8757 10
8758 10
8759 9
8760 5
8761 5
8762 8
8763 4
8764 5
8765 7
8766 7
8767 1
8768 9
8769 10
8770 10
8771 9
8772 4
8773 7
8774 8
8775 5
8776 10
8777 10
8778 10
8779 3
8780 7
8781 6
8782 7
8783 10
8784 9
8785 10
8786 7
8787 4
8788 10
8789 10
8790 4
8791 1
8792 9
8793 11
8794 7
8795 10
8796 2
8797 10
8798 10
8799 10
8800 3
8801 8
8802 12
8803 3
8804 0
8805 12
8806 3
8807 6
8808 4
8809 0
8810 0
8811 5
8812 4
8813 8
8814 9
8815 8
8816 7
8817 7
8818 7
8819 11
8820 9
8821 1
8822 9
8823 11
8824 6
8825 3
8826 7
8827 2
8828 11
8829 8
8830 10
8831 9
8832 5
8833 9
8834 6
8835 2
8836 10
8837 5
8838 2
8839 10
8840 4
8841 10
8842 4
8843 9
8844 10
8845 8
8846 4
8847 0
8848 9
8849 10
8850 3
8851 8
8852 2
8853 8
8854 10
8855 0
8856 9
8857 5
8858 6
8859 6
8860 8
8861 10
8862 3
8863 6
8864 8
8865 4
8866 8
8867 11
8868 11
8869 6
8870 10
8871 7
8872 9
8873 9
8874 5
8875 6
8876 6
8877 10
8878 8
8879 3
8880 10
8881 8
8882 8
8883 3
8884 8
8885 7
8886 10
8887 7
8888 7
8889 10
8890 7
8891 9
8892 9
8893 3
8894 5
8895 7
8896 2
8897 11
8898 7
8899 9
8900 9
8901 5
8902 9
8903 6
8904 10
8905 11
8906 4
8907 7
8908 7
8909 2
8910 1
8911 8
8912 6
8913 8
8914 9
8915 8
8916 6
8917 9
8918 5
8919 5
8920 4
8921 11
8922 11
8923 6
8924 4
8925 2
8926 11
8927 6
8928 9
8929 10
8930 6
8931 4
8932 11
8933 9
8934 9
8935 6
8936 11
8937 4
8938 6
8939 7
8940 6
8941 9
8942 5
8943 4
8944 8
8945 3
8946 6
8947 10
8948 0
8949 4
8950 6
8951 1
8952 6
8953 1
8954 9
8955 0
8956 3
8957 12
8958 10
8959 7
8960 10
8961 10
8962 9
8963 2
8964 0
8965 11
8966 5
8967 10
8968 11
8969 7
8970 5
8971 1
8972 4
8973 6
8974 0
8975 10
8976 2
8977 10
8978 8
8979 8
8980 2
8981 7
8982 2
8983 10
8984 7
8985 10
8986 11
8987 7
8988 8
8989 10
8990 9
8991 11
8992 9
8993 4
8994 8
8995 9
8996 7
8997 5
8998 5
8999 2
9000 11
9001 6
9002 1
9003 12
9004 10
9005 8
9006 9
9007 8
9008 10
9009 9
9010 6
9011 9
9012 10
9013 9
9014 5
9015 9
9016 10
9017 9
9018 4
9019 9
9020 11
9021 7
9022 10
9023 12
9024 10
9025 7
9026 4
9027 7
9028 2
9029 3
9030 6
9031 8
9032 11
9033 8
9034 4
9035 9
9036 0
9037 2
9038 8
9039 9
9040 11
9041 5
9042 3
9043 9
9044 7
9045 3
9046 12
9047 11
9048 5
9049 7
9050 9
9051 8
9052 8
9053 10
9054 2
9055 5
9056 10
9057 7
9058 7
9059 1
9060 6
9061 7
9062 5
9063 12
9064 11
9065 9
9066 6
9067 7
9068 10
9069 9
9070 8
9071 9
9072 7
9073 9
9074 2
9075 8
9076 10
9077 2
9078 8
9079 7
9080 3
9081 7
9082 8
9083 10
9084 11
9085 6
9086 0
9087 6
9088 6
9089 11
9090 7
9091 8
9092 10
9093 9
9094 7
9095 8
9096 5
9097 2
9098 5
9099 10
9100 4
9101 5
9102 1
9103 3
9104 10
9105 8
9106 10
9107 7
9108 3
9109 10
9110 11
9111 1
9112 5
9113 11
9114 6
9115 4
9116 6
9117 13
9118 2
9119 4
9120 8
9121 9
9122 9
9123 5
9124 9
9125 8
9126 8
9127 3
9128 10
9129 4
9130 2
9131 0
9132 8
9133 11
9134 2
9135 6
9136 3
9137 5
9138 10
9139 7
9140 11
9141 7
9142 3
9143 7
9144 1
9145 5
9146 9
9147 9
9148 7
9149 10
9150 10
9151 2
9152 9
9153 12
9154 5
9155 8
9156 7
9157 7
9158 6
9159 8
9160 12
9161 5
9162 10
9163 10
9164 5
9165 0
9166 4
9167 8
9168 10
9169 2
9170 9
9171 5
9172 8
9173 2
9174 11
9175 11
9176 9
9177 7
9178 3
9179 5
9180 8
9181 1
9182 10
9183 2
9184 7
9185 0
9186 10
9187 6
9188 6
9189 6
9190 8
9191 7
9192 3
9193 7
9194 6
9195 7
9196 4
9197 1
9198 6
9199 6
9200 7
9201 5
9202 2
9203 7
9204 11
9205 5
9206 10
9207 1
9208 5
9209 0
9210 4
9211 8
9212 11
9213 11
9214 1
9215 11
9216 11
9217 9
9218 8
9219 0
9220 10
9221 7
9222 5
9223 8
9224 7
9225 4
9226 10
9227 9
9228 9
9229 11
9230 1
9231 8
9232 10
9233 1
9234 1
9235 1
9236 9
9237 9
9238 11
9239 4
9240 5
9241 8
9242 11
9243 10
9244 9
9245 6
9246 7
9247 11
9248 10
9249 6
9250 12
9251 11
9252 4
9253 3
9254 3
9255 6
9256 10
9257 0
9258 0
9259 11
9260 4
9261 9
9262 6
9263 9
9264 10
9265 9
9266 3
9267 11
9268 9
9269 5
9270 7
9271 10
9272 2
9273 9
9274 10
9275 8
9276 6
9277 10
9278 10
9279 9
9280 11
9281 8
9282 5
9283 11
9284 7
9285 2
9286 3
9287 10
9288 8
9289 6
9290 6
9291 12
9292 11
9293 8
9294 11
9295 6
9296 10
9297 6
9298 5
9299 7
9300 10
9301 9
9302 4
9303 2
9304 9
9305 5
9306 11
9307 2
9308 4
9309 4
9310 2
9311 7
9312 0
9313 11
9314 12
9315 0
9316 11
9317 11
9318 8
9319 8
9320 6
9321 7
9322 6
9323 7
9324 7
9325 10
9326 10
9327 2
9328 12
9329 10
9330 8
9331 10
9332 8
9333 6
9334 6
9335 10
9336 2
9337 11
9338 9
9339 1
9340 2
9341 10
9342 7
9343 6
9344 10
9345 0
9346 10
9347 9
9348 11
9349 9
9350 9
9351 10
9352 2
9353 4
9354 5
9355 10
9356 10
9357 8
9358 4
9359 10
9360 6
9361 4
9362 6
9363 9
9364 11
9365 6
9366 9
9367 0
9368 2
9369 11
9370 9
9371 2
9372 11
9373 7
9374 7
9375 5
9376 2
9377 11
9378 11
9379 11
9380 13
9381 8
9382 0
9383 9
9384 6
9385 7
9386 6
9387 7
9388 9
9389 3
9390 5
9391 9
9392 10
9393 3
9394 6
9395 9
9396 3
9397 10
9398 6
9399 0
9400 1
9401 9
9402 9
9403 7
9404 2
9405 9
9406 4
9407 7
9408 9
9409 5
9410 10
9411 2
9412 11
9413 8
9414 4
9415 9
9416 6
9417 7
9418 12
9419 0
9420 8
9421 3
9422 8
9423 2
9424 10
9425 10
9426 9
9427 6
9428 10
9429 10
9430 5
9431 10
9432 9
9433 2
9434 9
9435 7
9436 11
9437 3
9438 3
9439 10
9440 7
9441 3
9442 11
9443 10
9444 4
9445 11
9446 3
9447 9
9448 8
9449 5
9450 11
9451 5
9452 7
9453 12
9454 8
9455 10
9456 12
9457 8
9458 2
9459 3
9460 12
9461 10
9462 7
9463 0
9464 2
9465 2
9466 2
9467 11
9468 10
9469 11
9470 6
9471 7
9472 11
9473 5
9474 12
9475 11
9476 10
9477 9
9478 7
9479 3
9480 9
9481 11
9482 0
9483 10
9484 10
9485 12
9486 11
9487 10
9488 3
9489 8
9490 0
9491 5
9492 6
9493 8
9494 8
9495 7
9496 1
9497 4
9498 6
9499 5
9500 11
9501 4
9502 8
9503 11
9504 11
9505 9
9506 6
9507 9
9508 9
9509 1
9510 9
9511 5
9512 8
9513 0
9514 7
9515 9
9516 11
9517 10
9518 8
9519 0
9520 3
9521 11
9522 11
9523 9
9524 4
9525 10
9526 10
9527 5
9528 10
9529 0
9530 10
9531 10
9532 10
9533 5
9534 11
9535 9
9536 9
9537 11
9538 4
9539 8
9540 9
9541 2
9542 9
9543 8
9544 10
9545 12
9546 1
9547 11
9548 10
9549 11
9550 10
9551 3
9552 5
9553 8
9554 10
9555 8
9556 9
9557 6
9558 9
9559 3
9560 9
9561 11
9562 4
9563 3
9564 1
9565 8
9566 3
9567 12
9568 4
9569 10
9570 0
9571 10
9572 9
9573 2
9574 8
9575 12
9576 10
9577 5
9578 1
9579 11
9580 0
9581 9
9582 7
9583 5
9584 12
9585 6
9586 4
9587 0
9588 9
9589 10
9590 5
9591 7
9592 11
9593 4
9594 11
9595 4
9596 10
9597 5
9598 5
9599 12
9600 5
9601 8
9602 0
9603 9
9604 11
9605 9
9606 6
9607 8
9608 6
9609 10
9610 8
9611 4
9612 12
9613 1
9614 7
9615 1
9616 3
9617 7
9618 7
9619 12
9620 11
9621 7
9622 11
9623 7
9624 6
9625 4
9626 8
9627 9
9628 7
9629 8
9630 3
9631 4
9632 3
9633 0
9634 12
9635 7
9636 5
9637 10
9638 9
9639 3
9640 11
9641 4
9642 12
9643 8
9644 7
9645 11
9646 9
9647 5
9648 9
9649 10
9650 7
9651 8
9652 11
9653 7
9654 5
9655 7
9656 10
9657 10
9658 9
9659 10
9660 11
9661 9
9662 9
9663 8
9664 11
9665 7
9666 3
9667 9
9668 10
9669 7
9670 9
9671 6
9672 7
9673 11
9674 11
9675 7
9676 8
9677 12
9678 9
9679 10
9680 8
9681 2
9682 3
9683 6
9684 9
9685 7
9686 5
9687 7
9688 10
9689 11
9690 11
9691 9
9692 11
9693 9
9694 10
9695 8
9696 11
9697 5
9698 9
9699 9
9700 1
9701 10
9702 9
9703 11
9704 7
9705 10
9706 12
9707 12
9708 0
9709 7
9710 2
9711 4
9712 11
9713 6
9714 10
9715 10
9716 10
9717 5
9718 12
9719 11
9720 10
9721 11
9722 8
9723 9
9724 9
9725 8
9726 4
9727 12
9728 2
9729 1
9730 11
9731 1
9732 11
9733 3
9734 3
9735 6
9736 9
9737 6
9738 6
9739 3
9740 10
9741 4
9742 8
9743 9
9744 1
9745 9
9746 3
9747 10
9748 11
9749 8
9750 10
9751 12
9752 5
9753 10
9754 4
9755 8
9756 6
9757 3
9758 8
9759 8
9760 5
9761 7
9762 8
9763 9
9764 11
9765 8
9766 5
9767 6
9768 8
9769 9
9770 8
9771 11
9772 6
9773 3
9774 9
9775 10
9776 2
9777 11
9778 3
9779 11
9780 9
9781 1
9782 10
9783 5
9784 3
9785 9
9786 11
9787 7
9788 9
9789 1
9790 4
9791 10
9792 9
9793 8
9794 2
9795 11
9796 7
9797 7
9798 1
9799 12
9800 9
9801 10
9802 10
9803 3
9804 5
9805 9
9806 5
9807 12
9808 12
9809 2
9810 1
9811 12
9812 6
9813 4
9814 6
9815 9
9816 11
9817 8
9818 8
9819 9
9820 7
9821 11
9822 11
9823 8
9824 10
9825 8
9826 2
9827 10
9828 0
9829 10
9830 3
9831 11
9832 6
9833 10
9834 7
9835 0
9836 2
9837 7
9838 7
9839 7
9840 10
9841 4
9842 6
9843 11
9844 11
9845 12
9846 4
9847 4
9848 12
9849 11
9850 6
9851 8
9852 8
9853 1
9854 11
9855 11
9856 11
9857 7
9858 5
9859 2
9860 11
9861 8
9862 9
9863 0
9864 2
9865 10
9866 7
9867 12
9868 10
9869 9
9870 9
9871 10
9872 6
9873 8
9874 6
9875 2
9876 3
9877 10
9878 6
9879 8
9880 3
9881 9
9882 9
9883 8
9884 8
9885 9
9886 5
9887 11
9888 10
9889 8
9890 5
9891 11
9892 5
9893 5
9894 7
9895 8
9896 2
9897 1
9898 10
9899 0
9900 6
9901 1
9902 2
9903 11
9904 10
9905 9
9906 9
9907 3
9908 8
9909 10
9910 11
9911 4
9912 10
9913 7
9914 10
9915 9
9916 7
9917 3
9918 6
9919 5
9920 7
9921 1
9922 12
9923 8
9924 8
9925 9
9926 0
9927 2
9928 9
9929 0
9930 3
9931 10
9932 9
9933 8
9934 2
9935 7
9936 2
9937 11
9938 4
9939 1
9940 7
9941 5
9942 9
9943 8
9944 11
9945 7
9946 11
9947 12
9948 3
9949 7
9950 4
9951 10
9952 8
9953 1
9954 11
9955 8
9956 5
9957 7
9958 8
9959 8
9960 4
9961 9
9962 3
9963 8
9964 0
9965 1
9966 11
9967 8
9968 11
9969 9
9970 9
9971 10
9972 3
9973 8
9974 5
9975 8
9976 8
9977 3
9978 9
9979 3
9980 9
9981 4
9982 9
9983 11
9984 1
9985 11
9986 2
9987 12
9988 6
9989 3
9990 3
9991 4
9992 9
9993 0
9994 5
9995 10
9996 9
9997 12
9998 9
9999 3
Colors used: 14
Execution time: 6.81 ms
